1 2 1.330804
1 3 3.088351
1 4 2.939119
1 5 2.895980
1 6 4.815277
1 7 6.720894
1 8 6.033787
1 9 8.582417
1 10 10.629012
1 11 11.036136
1 12 12.392964
1 13 13.376776
1 14 15.022152
1 15 20.081491
1 16 21.833131
1 17 23.973194
1 18 24.894956
1 19 25.654583
1 20 27.912857
1 21 29.566964
1 22 30.208375
1 23 31.306252
1 24 33.715458
1 25 35.029551
1 26 35.742099
1 27 36.601232
1 28 38.609928
1 29 41.631986
1 30 44.421314
1 31 44.325440
1 32 47.711267
1 33 46.694951
1 34 43.510997
1 35 42.402690
1 36 40.551996
1 37 43.074173
1 38 42.433762
1 39 41.229857
1 40 39.101671
1 41 37.372622
1 42 36.425353
1 43 35.691952
1 44 32.587818
1 45 31.479258
1 46 31.967227
1 47 30.232586
1 48 26.965386
1 49 26.552769
1 50 27.992638
1 51 25.375524
1 52 22.238393
1 53 23.443403
1 54 23.878643
1 55 20.341777
1 56 18.012471
1 57 21.561959
1 58 20.720162
1 59 16.446790
1 60 16.550506
1 61 20.905306
1 62 15.972657
1 63 13.014969
1 64 18.100180
2 3 1.326779
2 4 2.590938
2 5 2.516948
2 6 2.582936
2 7 4.925984
2 8 6.556702
2 9 5.789796
2 10 7.314615
2 11 10.286927
2 12 11.477550
2 13 10.780030
2 14 13.161627
2 15 16.437089
2 16 20.662172
2 17 22.070251
2 18 24.063223
2 19 25.012290
2 20 26.473322
2 21 28.327743
2 22 29.728195
2 23 30.965023
2 24 32.381220
2 25 34.327038
2 26 35.546770
2 27 36.756735
2 28 37.269077
2 29 40.220020
2 30 43.274511
2 31 42.254063
2 32 45.332501
2 33 44.528343
2 34 41.279657
2 35 40.330986
2 36 38.064134
2 37 40.802805
2 38 41.341703
2 39 41.241370
2 40 37.901192
2 41 36.321429
2 42 36.611621
2 43 35.887121
2 44 32.659579
2 45 31.808581
2 46 32.648655
2 47 30.800809
2 48 27.530256
2 49 27.804543
2 50 29.149942
2 51 26.392593
2 52 23.559434
2 53 25.276382
2 54 25.588635
2 55 21.890021
2 56 21.044239
2 57 23.889184
2 58 22.763109
2 59 18.142841
2 60 20.934099
2 61 23.519268
2 62 21.128063
2 63 15.834119
2 64 22.442701
3 4 1.329558
3 5 2.536469
3 6 2.461630
3 7 2.523396
3 8 4.509579
3 9 6.385992
3 10 6.177029
3 11 8.047478
3 12 10.284660
3 13 9.930862
3 14 10.406856
3 15 14.593764
3 16 16.337903
3 17 20.441636
3 18 21.666064
3 19 23.738036
3 20 25.270600
3 21 26.156167
3 22 27.446348
3 23 29.563711
3 24 30.876717
3 25 31.963547
3 26 33.756768
3 27 35.293562
3 28 36.064800
3 29 38.791212
3 30 41.378390
3 31 41.202788
3 32 43.703247
3 33 42.913172
3 34 39.719284
3 35 39.008494
3 36 37.811986
3 37 40.465717
3 38 41.110928
3 39 40.718564
3 40 37.309631
3 41 36.084747
3 42 36.280137
3 43 35.209281
3 44 31.959849
3 45 31.474940
3 46 32.011609
3 47 29.736343
3 48 26.644316
3 49 26.924895
3 50 28.095027
3 51 24.965608
3 52 22.366182
3 53 24.137799
3 54 23.911336
3 55 20.165150
3 56 17.736147
3 57 22.354544
3 58 20.702401
3 59 14.983339
3 60 16.759801
3 61 21.578594
3 62 13.834873
3 63 13.162622
3 64 20.625816
4 5 1.322967
4 6 2.638176
4 7 2.829492
4 8 2.495960
4 9 4.313898
4 10 5.928771
4 11 6.209598
4 12 7.540811
4 13 9.746761
4 14 10.484815
4 15 12.578699
4 16 14.222302
4 17 14.834026
4 18 20.256640
4 19 21.489266
4 20 23.617201
4 21 25.002608
4 22 25.854275
4 23 27.252035
4 24 29.516168
4 25 30.676931
4 26 31.644666
4 27 32.666601
4 28 34.461435
4 29 37.436928
4 30 40.305332
4 31 40.415099
4 32 42.173830
4 33 42.134035
4 34 39.084194
4 35 38.054076
4 36 36.424322
4 37 38.928789
4 38 38.720378
4 39 37.781225
4 40 35.459581
4 41 33.952235
4 42 33.202874
4 43 32.203473
4 44 29.050308
4 45 28.325864
4 46 28.760082
4 47 26.677380
4 48 23.531123
4 49 23.524269
4 50 24.768810
4 51 21.824346
4 52 15.765290
4 53 20.617829
4 54 20.656044
4 55 11.337590
4 56 13.650829
4 57 17.430294
4 58 15.568959
4 59 9.319171
4 60 14.773999
4 61 16.864209
4 62 11.558738
4 63 10.434567
4 64 15.604833
5 6 1.322754
5 7 2.423508
5 8 2.975809
5 9 2.831212
5 10 4.275156
5 11 6.282935
5 12 6.682922
5 13 7.376572
5 14 10.075541
5 15 11.712035
5 16 12.883887
5 17 12.773842
5 18 14.673560
5 19 20.205948
5 20 21.766147
5 21 23.764967
5 22 24.797832
5 23 26.057946
5 24 27.826270
5 25 29.626020
5 26 30.585494
5 27 31.615139
5 28 32.653155
5 29 35.998885
5 30 38.658145
5 31 38.222573
5 32 39.925106
5 33 39.611477
5 34 36.415746
5 35 35.204830
5 36 33.897082
5 37 36.236564
5 38 35.519909
5 39 36.143027
5 40 33.030521
5 41 30.948716
5 42 31.403748
5 43 30.494589
5 44 27.246216
5 45 26.538518
5 46 27.467910
5 47 25.865579
5 48 22.518560
5 49 22.403158
5 50 24.332846
5 51 21.517422
5 52 14.408047
5 53 20.780293
5 54 20.930586
5 55 11.981928
5 56 12.652745
5 57 20.057872
5 58 17.228248
5 59 12.465130
5 60 15.975543
5 61 20.424447
5 62 14.631709
5 63 13.468886
5 64 20.281766
6 7 1.329413
6 8 2.517531
6 9 2.528092
6 10 2.775611
6 11 4.739503
6 12 6.607777
6 13 5.371320
6 14 7.569373
6 15 10.490321
6 16 12.036074
6 17 11.254235
6 18 12.166930
6 19 15.643372
6 20 20.631162
6 21 22.253412
6 22 23.595927
6 23 25.263807
6 24 26.541834
6 25 28.311830
6 26 29.678634
6 27 30.885367
6 28 31.580892
6 29 34.433368
6 30 37.267174
6 31 36.525040
6 32 38.714289
6 33 38.368225
6 34 35.164059
6 35 34.043965
6 36 32.778257
6 37 35.286484
6 38 34.864975
6 39 35.223467
6 40 31.930294
6 41 30.231489
6 42 30.973930
6 43 30.046055
6 44 26.597097
6 45 26.318303
6 46 27.560071
6 47 25.309751
6 48 22.389115
6 49 22.948362
6 50 25.051594
6 51 22.056676
6 52 15.494447
6 53 21.698910
6 54 22.178851
6 55 12.236239
6 56 15.425892
6 57 21.135571
6 58 20.296172
6 59 13.409393
6 60 17.785172
6 61 21.846747
6 62 15.534567
6 63 15.529819
6 64 21.784140
7 8 1.324805
7 9 2.507939
7 10 2.647817
7 11 2.478288
7 12 4.679868
7 13 6.702563
7 14 4.044713
7 15 8.626731
7 16 10.193838
7 17 11.035625
7 18 10.182866
7 19 13.246235
7 20 16.243180
7 21 20.615814
7 22 21.803760
7 23 23.047435
7 24 24.863419
7 25 26.354714
7 26 27.816230
7 27 27.997504
7 28 29.529258
7 29 32.917494
7 30 34.664944
7 31 34.478685
7 32 37.417252
7 33 35.996133
7 34 32.852977
7 35 31.689092
7 36 29.489821
7 37 31.606338
7 38 30.783509
7 39 30.999755
7 40 28.715968
7 41 25.938869
7 42 25.783260
7 43 26.212887
7 44 23.151253
7 45 20.824447
7 46 22.619989
7 47 22.227302
7 48 15.191405
7 49 16.724702
7 50 21.321784
7 51 13.143198
7 52 13.176147
7 53 17.221887
7 54 15.878007
7 55 9.100298
7 56 13.043168
7 57 16.320618
7 58 14.551625
7 59 10.520930
7 60 15.057886
7 61 17.082867
7 62 12.122173
7 63 12.361022
7 64 16.469364
8 9 1.325228
8 10 2.826341
8 11 2.419520
8 12 2.746012
8 13 4.865010
8 14 6.468226
8 15 6.909369
8 16 8.190815
8 17 9.995600
8 18 10.334429
8 19 11.488382
8 20 14.129751
8 21 16.041800
8 22 20.271951
8 23 21.546113
8 24 23.119518
8 25 24.975350
8 26 25.918415
8 27 26.839339
8 28 28.063901
8 29 31.569311
8 30 33.470522
8 31 32.677660
8 32 35.552295
8 33 33.912645
8 34 30.628001
8 35 30.056842
8 36 28.158680
8 37 30.653401
8 38 30.226093
8 39 30.549822
8 40 28.108536
8 41 25.564638
8 42 25.823416
8 43 25.824981
8 44 22.547101
8 45 20.761495
8 46 22.679804
8 47 21.677745
8 48 14.101400
8 49 15.901072
8 50 20.442042
8 51 11.933728
8 52 9.871459
8 53 13.547151
8 54 13.464720
8 55 6.758312
8 56 8.047898
8 57 13.177411
8 58 11.931554
8 59 8.172130
8 60 11.685247
8 61 14.188240
8 62 11.590148
8 63 9.478003
8 64 14.112671
9 10 1.324917
9 11 2.913276
9 12 2.694400
9 13 2.466738
9 14 4.749484
9 15 6.669692
9 16 7.351413
9 17 7.440285
9 18 8.878037
9 19 10.934873
9 20 12.438692
9 21 14.136354
9 22 15.374883
9 23 20.560080
9 24 21.944147
9 25 24.026983
9 26 25.175548
9 27 26.084224
9 28 27.090363
9 29 30.255904
9 30 31.837858
9 31 31.155779
9 32 34.115785
9 33 32.229413
9 34 28.966749
9 35 28.250509
9 36 26.862781
9 37 29.624952
9 38 29.228223
9 39 30.175676
9 40 27.376875
9 41 24.793212
9 42 25.512346
9 43 24.954943
9 44 21.556891
9 45 20.736340
9 46 22.433623
9 47 20.661246
9 48 12.616674
9 49 16.143176
9 50 20.084452
9 51 12.161032
9 52 11.380238
9 53 16.304655
9 54 16.236786
9 55 9.476004
9 56 12.277044
9 57 16.624890
9 58 16.270793
9 59 11.117965
9 60 15.948706
9 61 20.302575
9 62 14.703244
9 63 13.460220
9 64 21.037186
10 11 1.328501
10 12 2.916953
10 13 2.810459
10 14 2.681025
10 15 4.702040
10 16 6.383915
10 17 6.011628
10 18 5.825549
10 19 10.387128
10 20 11.056756
10 21 12.323103
10 22 13.022369
10 23 16.280655
10 24 20.571212
10 25 22.111362
10 26 23.912299
10 27 25.258885
10 28 25.761522
10 29 28.434003
10 30 30.391643
10 31 29.652954
10 32 32.691086
10 33 31.275416
10 34 27.956709
10 35 27.687234
10 36 26.421811
10 37 29.552037
10 38 29.464879
10 39 30.034090
10 40 27.004848
10 41 24.835622
10 42 25.787662
10 43 25.070061
10 44 21.699188
10 45 20.955991
10 46 23.188760
10 47 20.474559
10 48 13.989952
10 49 17.359212
10 50 20.774958
10 51 10.130146
10 52 12.037143
10 53 16.409895
10 54 14.641443
10 55 9.329762
10 56 13.767744
10 57 16.493527
10 58 14.793069
10 59 11.992007
10 60 16.776405
10 61 20.984119
10 62 13.829298
10 63 14.425343
10 64 22.486912
11 12 1.324204
11 13 3.131900
11 14 2.451369
11 15 2.557252
11 16 4.679362
11 17 6.617424
11 18 4.800980
11 19 7.179178
11 20 10.520752
11 21 11.633915
11 22 11.382372
11 23 13.827608
11 24 16.204295
11 25 20.473446
11 26 21.726264
11 27 23.365493
11 28 24.600488
11 29 27.419346
11 30 29.402554
11 31 29.024068
11 32 32.246852
11 33 31.131912
11 34 28.038855
11 35 27.488807
11 36 25.915315
11 37 28.648524
11 38 28.439900
11 39 28.427387
11 40 25.533145
11 41 23.526924
11 42 24.003168
11 43 23.015862
11 44 15.645334
11 45 15.967776
11 46 20.751439
11 47 13.672107
11 48 10.916723
11 49 13.768843
11 50 13.630398
11 51 7.642068
11 52 8.104924
11 53 11.800133
11 54 10.158365
11 55 3.689048
11 56 7.828096
11 57 10.821944
11 58 9.243595
11 59 5.267461
11 60 9.565075
11 61 11.947907
11 62 8.735932
11 63 7.769257
11 64 13.285101
12 13 1.323348
12 14 2.593248
12 15 2.345620
12 16 2.702579
12 17 3.041569
12 18 6.437978
12 19 6.001097
12 20 6.369982
12 21 9.639298
12 22 11.260277
12 23 12.147565
12 24 12.705886
12 25 15.165977
12 26 17.367755
12 27 17.343924
12 28 15.381846
12 29 25.728746
12 30 27.318145
12 31 26.778968
12 32 22.605091
12 33 23.759674
12 34 24.511950
12 35 21.539409
12 36 22.792965
12 37 23.439665
12 38 20.386452
12 39 20.665322
12 40 15.703125
12 41 20.327052
12 42 20.881685
12 43 20.388123
12 44 12.930598
12 45 13.266708
12 46 13.654813
12 47 11.645135
12 48 7.688175
12 49 9.763393
12 50 11.723480
12 51 7.447234
12 52 4.800400
12 53 9.811614
12 54 10.430214
12 55 4.020389
12 56 7.149946
12 57 11.093867
12 58 11.207410
12 59 9.344217
12 60 11.167915
12 61 13.778725
12 62 11.491457
12 63 10.488418
12 64 20.117144
13 14 1.326610
13 15 2.532398
13 16 2.402141
13 17 2.432824
13 18 4.770419
13 19 6.578479
13 20 6.330558
13 21 8.260081
13 22 10.097851
13 23 12.088028
13 24 12.900187
13 25 13.487170
13 26 15.838026
13 27 20.157946
13 28 20.697658
13 29 24.155470
13 30 25.172583
13 31 24.344168
13 32 24.202999
13 33 25.658811
13 34 22.878693
13 35 22.539075
13 36 21.220922
13 37 24.203189
13 38 22.878519
13 39 22.668762
13 40 20.635952
13 41 17.248117
13 42 20.824478
13 43 20.224779
13 44 13.600822
13 45 14.958071
13 46 16.292640
13 47 13.516449
13 48 10.139128
13 49 14.050952
13 50 15.020237
13 51 8.318785
13 52 9.654708
13 53 14.373152
13 54 13.164758
13 55 8.013846
13 56 12.270761
13 57 15.539256
13 58 15.288014
13 59 12.397385
13 60 16.336850
13 61 21.247447
13 62 15.104859
13 63 16.049469
13 64 22.983222
14 15 1.325868
14 16 2.755075
14 17 2.471346
14 18 2.369111
14 19 4.661075
14 20 6.346061
14 21 6.808098
14 22 7.127688
14 23 10.402026
14 24 11.990050
14 25 10.870228
14 26 13.409558
14 27 16.347477
14 28 20.251762
14 29 22.928562
14 30 24.702735
14 31 24.477437
14 32 23.015560
14 33 24.675940
14 34 24.087958
14 35 23.410108
14 36 22.101956
14 37 25.159273
14 38 23.022291
14 39 22.584016
14 40 20.982822
14 41 20.599587
14 42 21.620947
14 43 20.086547
14 44 13.638500
14 45 15.202606
14 46 15.133898
14 47 11.994636
14 48 10.228208
14 49 13.863773
14 50 13.391331
14 51 5.291668
14 52 9.183180
14 53 13.125124
14 54 10.418807
14 55 6.910017
14 56 11.613372
14 57 13.945674
14 58 11.255561
14 59 11.217469
14 60 15.430927
14 61 17.601378
14 62 12.150457
14 63 13.893885
14 64 22.069005
15 16 1.325717
15 17 3.047165
15 18 2.465251
15 19 2.587557
15 20 4.562467
15 21 6.383117
15 22 6.409830
15 23 7.979311
15 24 10.113226
15 25 10.943036
15 26 11.592029
15 27 13.897327
15 28 14.494945
15 29 21.672845
15 30 23.713963
15 31 23.903754
15 32 21.981819
15 33 24.094302
15 34 23.824435
15 35 22.950492
15 36 21.060718
15 37 23.634829
15 38 21.718877
15 39 20.832395
15 40 15.329015
15 41 15.131361
15 42 15.591222
15 43 12.990160
15 44 10.702662
15 45 11.055935
15 46 11.244582
15 47 8.381970
15 48 6.339848
15 49 8.141910
15 50 8.060383
15 51 3.416415
15 52 3.392856
15 53 6.838001
15 54 6.782628
15 55 3.250228
15 56 6.583950
15 57 9.254600
15 58 9.254614
15 59 8.491463
15 60 11.146506
15 61 13.467044
15 62 12.021629
15 63 12.668164
15 64 20.545644
16 17 1.319889
16 18 2.744284
16 19 2.514049
16 20 2.475272
16 21 4.726176
16 22 6.451097
16 23 7.319707
16 24 8.304962
16 25 10.498012
16 26 11.669393
16 27 12.496973
16 28 12.387531
16 29 16.327141
16 30 21.216685
16 31 21.027196
16 32 16.501423
16 33 21.972431
16 34 20.322142
16 35 17.170887
16 36 11.238590
16 37 20.292976
16 38 14.567976
16 39 14.078328
16 40 13.071426
16 41 11.689168
16 42 13.914188
16 43 12.291456
16 44 8.444455
16 45 10.289665
16 46 12.168552
16 47 8.918237
16 48 5.971710
16 49 9.843386
16 50 11.800489
16 51 5.724084
16 52 6.851019
16 53 11.414304
16 54 10.566264
16 55 6.916058
16 56 10.744387
16 57 13.483640
16 58 13.227654
16 59 12.492899
16 60 15.927881
16 61 20.196016
16 62 14.868470
16 63 16.794294
16 64 23.002608
17 18 1.300785
17 19 2.909318
17 20 2.285219
17 21 2.650543
17 22 4.701023
17 23 6.535595
17 24 7.286617
17 25 7.825476
17 26 10.517886
17 27 12.010197
17 28 11.692327
17 29 14.854237
17 30 17.196441
17 31 15.869910
17 32 15.077100
17 33 16.703114
17 34 17.337685
17 35 13.393133
17 36 13.578300
17 37 20.586289
17 38 16.095491
17 39 14.852334
17 40 14.229675
17 41 14.912114
17 42 15.833061
17 43 13.077686
17 44 10.249837
17 45 13.126927
17 46 13.596085
17 47 9.366782
17 48 8.786238
17 49 12.102659
17 50 12.581278
17 51 6.407830
17 52 9.146600
17 53 13.288642
17 54 11.654651
17 55 8.870889
17 56 13.034030
17 57 15.695863
17 58 14.056967
17 59 14.904129
17 60 20.793575
17 61 22.369062
17 62 20.691381
17 63 22.104494
17 64 25.298730
18 19 1.297556
18 20 2.997070
18 21 2.514039
18 22 2.350975
18 23 4.564285
18 24 6.432480
18 25 6.306271
18 26 7.489976
18 27 10.414875
18 28 11.161335
18 29 13.566535
18 30 16.826705
18 31 20.115248
18 32 14.838802
18 33 16.705672
18 34 21.145988
18 35 13.766088
18 36 14.374457
18 37 21.180646
18 38 16.926745
18 39 14.387876
18 40 13.708365
18 41 14.450314
18 42 14.524095
18 43 11.349334
18 44 9.627949
18 45 12.284515
18 46 11.812573
18 47 6.996098
18 48 8.177161
18 49 11.026241
18 50 10.060699
18 51 3.393682
18 52 8.458139
18 53 10.609172
18 54 8.227069
18 55 4.943155
18 56 9.433946
18 57 11.325674
18 58 8.176310
18 59 10.127912
18 60 15.043367
18 61 15.737674
18 62 12.165989
18 63 20.320836
18 64 23.292245
19 20 1.322277
19 21 2.777484
19 22 2.798999
19 23 2.675771
19 24 4.415446
19 25 6.457663
19 26 6.932852
19 27 8.038164
19 28 8.631861
19 29 12.416423
19 30 14.889001
19 31 15.073611
19 32 12.890147
19 33 15.288386
19 34 20.060983
19 35 12.374501
19 36 11.281791
19 37 14.697190
19 38 13.982402
19 39 11.178928
19 40 10.240439
19 41 10.304641
19 42 10.290592
19 43 7.466973
19 44 5.680234
19 45 7.443958
19 46 7.268621
19 47 3.721468
19 48 3.150980
19 49 5.770879
19 50 6.680602
19 51 3.065105
19 52 3.596387
19 53 7.102291
19 54 7.396243
19 55 4.591006
19 56 8.070670
19 57 10.732587
19 58 10.477860
19 59 11.553124
19 60 14.749288
19 61 16.476715
19 62 15.362119
19 63 20.926446
19 64 23.509802
20 21 1.320290
20 22 2.807343
20 23 2.977641
20 24 2.728611
20 25 4.601414
20 26 6.542199
20 27 7.484917
20 28 6.759758
20 29 10.589609
20 30 12.537531
20 31 9.527910
20 32 10.556507
20 33 12.668277
20 34 12.857606
20 35 9.527193
20 36 9.071129
20 37 12.612111
20 38 12.048542
20 39 10.276346
20 40 9.409675
20 41 10.735262
20 42 11.527471
20 43 8.856514
20 44 5.843138
20 45 9.423028
20 46 10.762149
20 47 6.390016
20 48 6.577584
20 49 9.757820
20 50 10.619881
20 51 5.880622
20 52 8.611219
20 53 11.758768
20 54 10.464973
20 55 9.696646
20 56 13.004418
20 57 15.448330
20 58 14.127908
20 59 15.710263
20 60 21.522585
20 61 22.928060
20 62 22.226309
20 63 24.011754
20 64 26.747836
21 22 1.318046
21 23 2.853258
21 24 2.582300
21 25 2.308523
21 26 4.675139
21 27 6.555964
21 28 7.027979
21 29 8.713100
21 30 12.294442
21 31 9.221189
21 32 9.996146
21 33 11.743987
21 34 14.491255
21 35 8.962143
21 36 11.543552
21 37 13.643465
21 38 14.103930
21 39 11.919865
21 40 10.807825
21 41 12.563068
21 42 12.564025
21 43 9.582016
21 44 7.965009
21 45 10.884273
21 46 11.645623
21 47 6.682441
21 48 8.695424
21 49 11.747847
21 50 12.261465
21 51 7.046287
21 52 11.146888
21 53 13.972885
21 54 10.033418
21 55 11.312681
21 56 15.027518
21 57 17.302228
21 58 13.649139
21 59 17.221668
21 60 22.971775
21 61 23.656825
21 62 22.826915
21 63 24.922141
21 64 27.633463
22 23 1.317313
22 24 2.627298
22 25 2.428190
22 26 2.385884
22 27 4.585468
22 28 6.472741
22 29 7.927785
22 30 11.756201
22 31 10.362672
22 32 9.899588
22 33 12.293121
22 34 15.511975
22 35 10.167205
22 36 11.170231
22 37 13.589509
22 38 13.659087
22 39 10.502976
22 40 9.785857
22 41 11.354265
22 42 11.137238
22 43 7.139263
22 44 6.919326
22 45 9.632205
22 46 8.750898
22 47 4.044607
22 48 7.113987
22 49 9.071833
22 50 7.368706
22 51 3.304615
22 52 7.994163
22 53 10.400740
22 54 6.325630
22 55 7.705564
22 56 11.498182
22 57 12.994452
22 58 10.159174
22 59 13.104200
22 60 20.845546
22 61 20.854401
22 62 20.928850
22 63 23.427040
22 64 25.709628
23 24 1.318457
23 25 2.649245
23 26 2.986303
23 27 2.651328
23 28 3.292723
23 29 6.714057
23 30 9.616331
23 31 9.102502
23 32 7.730250
23 33 10.580982
23 34 13.167767
23 35 8.504786
23 36 7.043958
23 37 10.105901
23 38 10.031335
23 39 7.150917
23 40 5.810549
23 41 7.183224
23 42 7.093709
23 43 4.028374
23 44 3.607649
23 45 5.845857
23 46 5.948447
23 47 2.025744
23 48 3.308663
23 49 5.798360
23 50 6.888554
23 51 4.478544
23 52 7.122202
23 53 9.667458
23 54 9.127959
23 55 9.826932
23 56 12.638940
23 57 14.471418
23 58 13.126179
23 59 16.070917
23 60 21.927570
23 61 22.371413
23 62 22.875590
23 63 25.227469
23 64 27.355117
24 25 1.321377
24 26 2.831950
24 27 3.096147
24 28 2.725468
24 29 2.872784
24 30 6.921413
24 31 2.354418
24 32 5.145663
24 33 6.812673
24 34 7.851423
24 35 3.196367
24 36 5.541655
24 37 8.234797
24 38 9.004483
24 39 7.930553
24 40 6.668953
24 41 9.240502
24 42 10.086906
24 43 6.585870
24 44 4.228646
24 45 8.312700
24 46 9.767338
24 47 5.462660
24 48 7.461340
24 49 10.562857
24 50 11.489342
24 51 8.326907
24 52 11.813539
24 53 14.470376
24 54 12.630396
24 55 13.883613
24 56 16.752944
24 57 21.055274
24 58 20.471414
24 59 21.708294
24 60 25.440182
24 61 25.764766
24 62 26.038053
24 63 28.277513
24 64 30.643104
25 26 1.322096
25 27 3.165507
25 28 3.324237
25 29 2.991044
25 30 6.857348
25 31 5.746216
25 32 4.991436
25 33 7.919220
25 34 11.371352
25 35 6.602745
25 36 9.522368
25 37 11.121891
25 38 12.065671
25 39 8.791260
25 40 7.546164
25 41 11.173833
25 42 11.803750
25 43 7.140809
25 44 6.355839
25 45 10.440751
25 46 11.522624
25 47 6.925406
25 48 10.063123
25 49 12.872016
25 50 12.286561
25 51 9.484380
25 52 13.597460
25 53 16.134812
25 54 13.038539
25 55 14.145927
25 56 20.280818
25 57 21.107138
25 58 20.133672
25 59 21.860958
25 60 25.654741
25 61 25.023593
25 62 25.703984
25 63 28.511244
25 64 29.878031
26 27 1.318376
26 28 3.391599
26 29 2.652787
26 30 7.848886
26 31 8.591403
26 32 6.022177
26 33 9.601001
26 34 12.619626
26 35 8.132218
26 36 9.706180
26 37 10.189637
26 38 10.474115
26 39 5.694917
26 40 6.875040
26 41 9.497745
26 42 8.876399
26 43 3.665197
26 44 6.414182
26 45 9.317126
26 46 7.772398
26 47 3.991928
26 48 7.861592
26 49 10.240344
26 50 7.407860
26 51 5.732746
26 52 10.885684
26 53 12.675477
26 54 8.517546
26 55 11.675504
26 56 15.220213
26 57 14.001034
26 58 12.532269
26 59 21.412534
26 60 23.975808
26 61 23.466774
26 62 24.990765
26 63 27.664616
26 64 28.661910
27 28 1.317232
27 29 2.916163
27 30 5.182331
27 31 6.886360
27 32 4.393466
27 33 7.848978
27 34 10.016933
27 35 7.067007
27 36 5.220733
27 37 5.805065
27 38 6.240355
27 39 2.839281
27 40 2.665949
27 41 5.971717
27 42 5.591401
27 43 2.007119
27 44 2.881564
27 45 5.487270
27 46 6.004440
27 47 3.761150
27 48 6.368435
27 49 8.743543
27 50 8.483709
27 51 9.617368
27 52 11.907379
27 53 13.332263
27 54 12.724547
27 55 14.449068
27 56 21.070603
27 57 21.460227
27 58 21.826850
27 59 24.102955
27 60 26.442845
27 61 26.334052
27 62 27.659680
27 63 30.077051
27 64 31.247370
28 29 1.319715
28 30 2.818338
28 31 3.240427
28 32 1.325987
28 33 4.385981
28 34 7.326408
28 35 3.777844
28 36 3.710864
28 37 3.390322
28 38 4.341702
28 39 3.858025
28 40 2.991636
28 41 6.604391
28 42 8.414764
28 43 4.843296
28 44 3.895578
28 45 8.369704
28 46 9.832760
28 47 7.167250
28 48 9.676079
28 49 12.405587
28 50 13.196540
28 51 12.595894
28 52 15.115988
28 53 20.297444
28 54 16.519961
28 55 20.648402
28 56 23.704182
28 57 24.733340
28 58 24.592727
28 59 26.297336
28 60 29.397418
28 61 29.382588
28 62 30.460012
28 63 32.770357
28 64 34.435209
29 30 1.325358
29 31 2.836425
29 32 3.088120
29 33 5.887249
29 34 7.872801
29 35 8.860452
29 36 7.395716
29 37 6.386350
29 38 9.747860
29 39 6.308370
29 40 2.635417
29 41 8.346515
29 42 10.174713
29 43 6.157750
29 44 8.303929
29 45 11.695196
29 46 12.185037
29 47 10.539335
29 48 13.621958
29 49 16.155793
29 50 12.596299
29 51 14.976222
29 52 21.673081
29 53 23.196873
29 54 22.582220
29 55 23.989294
29 56 27.006868
29 57 27.555363
29 58 27.641919
29 59 29.900421
29 60 32.356413
29 61 32.259685
29 62 32.856888
29 63 35.715589
29 64 37.394477
30 31 1.323890
30 32 2.695980
30 33 3.960874
30 34 6.397091
30 35 4.507600
30 36 5.027955
30 37 3.114956
30 38 7.870508
30 39 6.457782
30 40 2.772614
30 41 9.217148
30 42 10.867757
30 43 9.298259
30 44 9.731381
30 45 13.740659
30 46 15.152332
30 47 13.680850
30 48 16.177445
30 49 21.279046
30 50 21.281563
30 51 21.411291
30 52 24.304630
30 53 26.115607
30 54 25.762481
30 55 27.106879
30 56 29.944380
30 57 30.776535
30 58 31.053571
30 59 33.026841
30 60 35.616886
30 61 35.797111
30 62 36.310628
30 63 39.134044
30 64 40.628100
31 32 1.320730
31 33 3.084559
31 34 4.622376
31 35 7.029598
31 36 7.485711
31 37 5.940071
31 38 10.984747
31 39 10.642115
31 40 5.465665
31 41 11.465151
31 42 13.707194
31 43 11.398914
31 44 9.490903
31 45 14.587414
31 46 17.523850
31 47 13.660917
31 48 15.302217
31 49 23.093881
31 50 23.673371
31 51 23.134989
31 52 25.836440
31 53 28.193843
31 54 27.891068
31 55 28.496094
31 56 31.626336
31 57 33.131650
31 58 32.958718
31 59 34.496542
31 60 37.129690
31 61 37.876720
31 62 37.774091
31 63 40.487621
31 64 42.425147
32 33 1.324064
32 34 3.373790
32 35 2.800086
32 36 4.797494
32 37 5.337495
32 38 7.919104
32 39 7.073426
32 40 4.539399
32 41 10.666564
32 42 12.492845
32 43 8.972363
32 44 8.943137
32 45 13.637835
32 46 13.830938
32 47 11.985539
32 48 14.973138
32 49 20.195883
32 50 15.754409
32 51 16.715235
32 52 22.658787
32 53 24.108506
32 54 23.012749
32 55 24.774668
32 56 27.889505
32 57 28.130710
32 58 27.830096
32 59 30.387106
32 60 32.619492
32 61 32.441030
32 62 32.964563
32 63 35.995731
32 64 44.011881
33 34 1.318774
33 35 2.226005
33 36 4.588524
33 37 2.961614
33 38 5.025364
33 39 8.035467
33 40 4.845074
33 41 8.124283
33 42 11.473847
33 43 11.947806
33 44 10.995062
33 45 14.757273
33 46 20.017178
33 47 15.027773
33 48 20.481856
33 49 23.510601
33 50 22.811809
33 51 22.438342
33 52 25.853816
33 53 27.556818
33 54 26.416395
33 55 27.922730
33 56 31.162710
33 57 31.538243
33 58 31.027792
33 59 33.458318
33 60 35.879669
33 61 35.692872
33 62 35.978006
33 63 39.017296
33 64 45.526982
34 35 1.323648
34 36 2.979026
34 37 5.816066
34 38 8.614445
34 39 10.681372
34 40 5.950236
34 41 9.030765
34 42 12.267875
34 43 13.449125
34 44 9.791640
34 45 13.848009
34 46 20.375545
34 47 16.723710
34 48 20.249087
34 49 23.305451
34 50 24.856255
34 51 24.527748
34 52 26.105413
34 53 28.931558
34 54 28.891291
34 55 29.648164
34 56 32.141159
34 57 34.067392
34 58 33.554825
34 59 35.246505
34 60 38.260231
34 61 38.330728
34 62 38.521073
34 63 41.443661
34 64 44.172204
35 36 1.319645
35 37 2.580823
35 38 5.614259
35 39 7.852515
35 40 3.257289
35 41 6.087980
35 42 10.189403
35 43 10.417359
35 44 8.514887
35 45 11.184834
35 46 13.852641
35 47 13.143788
35 48 15.254255
35 49 21.133775
35 50 22.069874
35 51 21.765544
35 52 24.036057
35 53 26.710425
35 54 26.217215
35 55 27.502549
35 56 29.911054
35 57 31.446549
35 58 31.182533
35 59 33.269816
35 60 35.770514
35 61 36.017868
35 62 36.285277
35 63 39.039286
35 64 42.275735
36 37 1.322840
36 38 3.009054
36 39 5.431222
36 40 3.042117
36 41 3.148036
36 42 6.149342
36 43 6.148465
36 44 3.663104
36 45 7.612505
36 46 10.479700
36 47 9.969483
36 48 9.693492
36 49 13.246689
36 50 15.491195
36 51 15.344504
36 52 21.030414
36 53 23.456893
36 54 24.455709
36 55 24.845148
36 56 26.938981
36 57 29.129996
36 58 29.949158
36 59 30.750605
36 60 33.217941
36 61 34.759501
36 62 34.904298
36 63 36.950810
36 64 39.347809
37 38 1.319492
37 39 2.601116
37 40 2.486495
37 41 2.558965
37 42 4.742199
37 43 6.484783
37 44 6.674486
37 45 7.669783
37 46 8.240604
37 47 11.021298
37 48 12.292658
37 49 13.550189
37 50 15.738713
37 51 20.302744
37 52 22.337150
37 53 24.232270
37 54 25.053218
37 55 26.242014
37 56 28.288284
37 57 29.885040
37 58 30.812980
37 59 32.341070
37 60 34.430961
37 61 35.508476
37 62 36.342562
37 63 38.581091
37 64 40.114139
38 39 1.326662
38 40 2.891758
38 41 2.312837
38 42 2.668860
38 43 4.424640
38 44 6.400218
38 45 5.809131
38 46 5.260393
38 47 10.219265
38 48 11.703332
38 49 11.162305
38 50 13.062354
38 51 16.121804
38 52 20.940296
38 53 22.405831
38 54 23.585589
38 55 25.200869
38 56 26.950738
38 57 28.125214
38 58 29.592552
38 59 31.171613
38 60 32.738936
38 61 34.088338
38 62 35.058363
38 63 37.295125
38 64 38.491493
39 40 1.318889
39 41 2.660838
39 42 2.280584
39 43 2.418892
39 44 3.145923
39 45 5.514317
39 46 3.528966
39 47 7.650957
39 48 9.161154
39 49 10.636958
39 50 11.195911
39 51 13.329852
39 52 15.315135
39 53 20.519040
39 54 21.054964
39 55 22.732811
39 56 25.044354
39 57 26.155545
39 58 26.940344
39 59 28.872042
39 60 30.736805
39 61 31.630067
39 62 32.574240
39 63 34.862706
39 64 36.501798
40 41 1.319978
40 42 1.326821
40 43 2.736276
40 44 2.732648
40 45 2.995996
40 46 4.967904
40 47 6.395218
40 48 7.636689
40 49 8.962875
40 50 10.709417
40 51 12.031962
40 52 13.264842
40 53 13.947552
40 54 16.346748
40 55 20.848695
40 56 22.855202
40 57 24.413440
40 58 25.414517
40 59 26.939832
40 60 28.786141
40 61 30.087632
40 62 31.006157
40 63 32.949654
40 64 35.013733
41 42 1.317348
41 43 3.101215
41 44 2.408720
41 45 2.634966
41 46 4.945137
41 47 6.734793
41 48 6.591711
41 49 7.428186
41 50 10.672031
41 51 12.091839
41 52 12.353551
41 53 13.887922
41 54 16.425074
41 55 20.330057
41 56 21.961065
41 57 24.058937
41 58 25.332586
41 59 26.238108
41 60 28.271401
41 61 29.941027
41 62 30.564973
41 63 32.455909
41 64 34.512147
42 43 1.319862
42 44 2.923573
42 45 2.503299
42 46 2.380467
42 47 4.644529
42 48 6.395877
42 49 5.583448
42 50 7.309369
42 51 10.278973
42 52 11.673074
42 53 11.402996
42 54 13.659362
42 55 15.673814
42 56 20.817795
42 57 22.145398
42 58 23.833902
42 59 25.358599
42 60 26.904050
42 61 28.038229
42 62 29.628022
42 63 31.414895
42 64 32.631484
43 44 1.313558
43 45 2.701084
43 46 2.524297
43 47 2.638909
43 48 4.384376
43 49 6.424220
43 50 6.937993
43 51 8.322357
43 52 10.201428
43 53 10.988061
43 54 11.598688
43 55 13.678928
43 56 15.151979
43 57 20.201030
43 58 21.543792
43 59 23.474219
43 60 25.263320
43 61 25.895708
43 62 27.313471
43 63 29.623554
43 64 30.502112
44 45 1.313809
44 46 2.822373
44 47 2.725531
44 48 2.467257
44 49 4.311373
44 50 6.453465
44 51 7.262615
44 52 8.075606
44 53 10.247827
44 54 11.217670
44 55 11.987064
44 56 13.157516
44 57 14.969475
44 58 20.273405
44 59 21.681157
44 60 23.704735
44 61 25.081347
44 62 25.853270
44 63 27.672812
44 64 29.529015
45 46 1.320650
45 47 3.154197
45 48 2.814349
45 49 2.343800
45 50 4.755606
45 51 6.593132
45 52 6.532954
45 53 7.936599
45 54 10.590356
45 55 11.605286
45 56 11.313459
45 57 12.536680
45 58 15.462268
45 59 20.943013
45 60 22.642625
45 61 24.110960
45 62 25.373435
45 63 26.959927
45 64 28.503457
46 47 1.320309
46 48 2.559945
46 49 2.605059
46 50 2.432006
46 51 4.201697
46 52 6.113423
46 53 6.139745
46 54 7.570678
46 55 9.786002
46 56 10.477364
46 57 10.643979
46 58 13.162853
46 59 16.145448
46 60 20.755417
46 61 21.968458
46 62 23.516476
46 63 25.336850
46 64 26.367067
47 48 1.322505
47 49 2.866400
47 50 3.052691
47 51 2.596926
47 52 4.505690
47 53 6.491484
47 54 6.381584
47 55 7.645820
47 56 9.944550
47 57 10.878917
47 58 11.214119
47 59 14.312842
47 60 15.651633
47 61 20.492099
47 62 21.453507
47 63 23.714285
47 64 25.131143
48 49 1.318610
48 50 2.968759
48 51 2.936700
48 52 2.850949
48 53 4.721515
48 54 6.698164
48 55 6.415187
48 56 7.323049
48 57 9.911491
48 58 11.226679
48 59 12.782332
48 60 13.632044
48 61 15.479406
48 62 20.310030
48 63 21.966143
48 64 23.904495
49 50 1.318734
49 51 2.652332
49 52 2.778637
49 53 2.503260
49 54 4.558054
49 55 6.422471
49 56 5.860697
49 57 6.960255
49 58 10.142654
49 59 11.782758
49 60 11.369488
49 61 13.514914
49 62 16.115217
49 63 20.981319
49 64 22.325285
50 51 1.318460
50 52 2.886130
50 53 2.692341
50 54 2.675426
50 55 4.747176
50 56 6.650160
50 57 6.183384
50 58 7.862271
50 59 10.348096
50 60 11.030923
50 61 10.820840
50 62 13.788404
50 63 16.221598
50 64 20.508828
51 52 1.322945
51 53 3.028997
51 54 2.488054
51 55 2.631896
51 56 4.646553
51 57 6.615303
51 58 6.141472
51 59 8.618414
51 60 10.643603
51 61 10.722775
51 62 11.874433
51 63 13.840083
51 64 15.461898
52 53 1.323711
52 54 2.939659
52 55 2.570057
52 56 2.601116
52 57 4.772170
52 58 6.618939
52 59 6.898411
52 60 8.123195
52 61 10.098448
52 62 11.797583
52 63 12.000894
52 64 13.316614
53 54 1.313883
53 55 2.563586
53 56 2.599012
53 57 2.847725
53 58 4.852221
53 59 6.271111
53 60 6.179859
53 61 7.666526
53 62 10.360665
53 63 11.774787
53 64 10.861541
54 55 1.313911
54 56 2.403832
54 57 2.831062
54 58 2.772671
54 59 4.583201
54 60 6.496227
54 61 5.847813
54 62 7.868436
54 63 10.320583
54 64 10.170403
55 56 1.323043
55 57 3.187903
55 58 3.091202
55 59 2.642028
55 60 4.816179
55 61 6.550653
55 62 7.014174
55 63 7.751042
55 64 10.089554
56 57 1.315921
56 58 2.976188
56 59 2.424393
56 60 2.741601
56 61 4.531641
56 62 6.424743
56 63 6.781390
56 64 7.285262
57 58 1.320927
57 59 2.951578
57 60 2.691123
57 61 2.616513
57 62 4.550319
57 63 6.530959
57 64 5.341235
58 59 1.326054
58 60 2.987297
58 61 2.403107
58 62 2.718800
58 63 4.518562
58 64 6.451906
59 60 1.321428
59 61 2.603099
59 62 2.672474
59 63 2.451430
59 64 4.528922
60 61 1.323993
60 62 2.435379
60 63 2.414564
60 64 2.697983
61 62 1.321544
61 63 2.723496
61 64 2.537377
62 63 1.322328
62 64 3.022350
63 64 1.323164
