1 2 1.318245
1 3 2.608889
1 4 5.099702
1 5 5.520180
1 6 6.639702
1 7 5.789086
1 8 5.047505
1 9 9.524638
1 10 10.546465
1 11 12.497209
1 12 13.828188
1 13 20.256666
1 14 21.856094
1 15 20.411230
1 16 14.672057
1 17 10.921953
1 18 10.463925
1 19 7.065428
1 20 6.840189
1 21 4.003477
1 22 2.631475
1 23 2.587913
1 24 3.832019
1 25 2.820097
1 26 3.337597
1 27 4.601925
1 28 8.903798
1 29 11.782720
1 30 6.200684
1 31 9.277902
1 32 8.336152
1 33 9.241020
1 34 5.380813
1 35 8.654630
1 36 6.352682
1 37 6.874979
1 38 6.236092
1 39 8.824195
1 40 8.655366
1 41 13.222975
1 42 12.106585
1 43 16.120042
1 44 13.360750
1 45 20.249878
1 46 15.161011
1 47 23.048256
1 48 22.596602
1 49 24.864077
2 3 1.314155
2 4 3.102143
2 5 5.585514
2 6 6.992534
2 7 5.498566
2 8 7.322263
2 9 10.996809
2 10 11.034654
2 11 13.707241
2 12 16.356057
2 13 20.727551
2 14 21.693309
2 15 16.723615
2 16 13.240495
2 17 9.656116
2 18 6.643009
2 19 3.837620
2 20 3.377856
2 21 3.637263
2 22 3.323094
2 23 2.636365
2 24 2.957415
2 25 4.603216
2 26 4.390473
2 27 7.141469
2 28 8.046178
2 29 8.601368
2 30 4.058450
2 31 8.828842
2 32 9.737435
2 33 4.418313
2 34 2.797760
2 35 6.375950
2 36 8.397716
2 37 7.943451
2 38 7.257366
2 39 4.403655
2 40 6.757867
2 41 8.880351
2 42 10.248445
2 43 13.272565
2 44 12.899096
2 45 16.834001
2 46 16.494301
2 47 23.393195
2 48 23.473878
2 49 25.593696
3 4 1.310698
3 5 3.031417
3 6 5.285258
3 7 5.974934
3 8 7.930982
3 9 11.910673
3 10 13.225834
3 11 15.775402
3 12 20.015138
3 13 22.495676
3 14 20.103201
3 15 12.476737
3 16 8.685001
3 17 6.628592
3 18 3.141995
3 19 3.406064
3 20 2.966531
3 21 2.697968
3 22 2.865826
3 23 3.440085
3 24 4.379138
3 25 5.309018
3 26 7.092155
3 27 6.190311
3 28 3.684425
3 29 3.641017
3 30 3.505530
3 31 6.749867
3 32 8.712467
3 33 6.264225
3 34 3.145468
3 35 2.414513
3 36 3.232331
3 37 3.123093
3 38 3.118469
3 39 3.271041
3 40 3.023687
3 41 6.351751
3 42 6.423389
3 43 10.286557
3 44 11.690808
3 45 15.590603
3 46 17.151968
3 47 20.671995
3 48 23.775459
3 49 23.734094
4 5 1.317749
4 6 3.209551
4 7 5.388325
4 8 8.751404
4 9 10.155416
4 10 11.427454
4 11 15.262575
4 12 15.306898
4 13 20.314397
4 14 15.068194
4 15 9.091020
4 16 7.986366
4 17 4.013420
4 18 3.146739
4 19 2.601185
4 20 2.750170
4 21 2.516819
4 22 3.079662
4 23 2.429235
4 24 3.998760
4 25 3.586550
4 26 3.583575
4 27 6.102532
4 28 7.637715
4 29 9.193365
4 30 7.944975
4 31 10.993903
4 32 9.962070
4 33 7.613726
4 34 5.720088
4 35 8.768666
4 36 9.116580
4 37 6.241799
4 38 6.885602
4 39 7.473022
4 40 6.145493
4 41 8.147786
4 42 7.447798
4 43 10.000603
4 44 9.732888
4 45 14.297402
4 46 15.896215
4 47 14.053465
4 48 21.278069
4 49 22.949977
5 6 1.317138
5 7 2.778927
5 8 5.969846
5 9 6.693643
5 10 9.442273
5 11 12.086844
5 12 12.591642
5 13 15.652402
5 14 13.616151
5 15 7.486531
5 16 6.221979
5 17 3.913231
5 18 4.100789
5 19 3.159634
5 20 3.212886
5 21 2.569155
5 22 3.745525
5 23 5.407436
5 24 6.846586
5 25 6.040972
5 26 7.926735
5 27 8.681251
5 28 9.609714
5 29 9.807681
5 30 8.501257
5 31 10.638625
5 32 10.031093
5 33 10.608419
5 34 9.288081
5 35 11.102229
5 36 11.749181
5 37 8.550159
5 38 7.330161
5 39 7.223858
5 40 7.263967
5 41 8.236976
5 42 6.517089
5 43 9.108622
5 44 7.416978
5 45 11.653128
5 46 12.481927
5 47 7.878146
5 48 10.614506
5 49 16.597220
6 7 1.308993
6 8 3.251987
6 9 5.941750
6 10 7.399537
6 11 10.867729
6 12 10.717491
6 13 13.409675
6 14 10.582349
6 15 6.060258
6 16 2.770365
6 17 3.351314
6 18 3.111084
6 19 2.889184
6 20 2.942106
6 21 3.129212
6 22 3.014484
6 23 6.601945
6 24 9.511074
6 25 9.248725
6 26 11.079040
6 27 12.192399
6 28 10.251713
6 29 8.121250
6 30 3.311271
6 31 4.822402
6 32 3.392309
6 33 6.893766
6 34 7.566676
6 35 6.733237
6 36 6.967297
6 37 3.827424
6 38 3.669464
6 39 3.586201
6 40 2.961249
6 41 3.770234
6 42 2.479704
6 43 6.079142
6 44 6.147230
6 45 8.463669
6 46 9.379243
6 47 8.483309
6 48 12.251611
6 49 14.341379
7 8 1.312183
7 9 2.739297
7 10 4.000975
7 11 8.103915
7 12 7.380568
7 13 10.251476
7 14 8.511572
7 15 2.521311
7 16 2.614387
7 17 2.846713
7 18 2.433748
7 19 2.563006
7 20 3.254405
7 21 2.541270
7 22 5.057079
7 23 7.363175
7 24 10.005730
7 25 10.679433
7 26 13.204181
7 27 14.186001
7 28 9.999032
7 29 7.920081
7 30 7.285975
7 31 8.351825
7 32 7.904649
7 33 8.848318
7 34 6.509588
7 35 8.172178
7 36 6.878317
7 37 9.470349
7 38 6.534206
7 39 6.338851
7 40 6.582241
7 41 6.667274
7 42 6.281530
7 43 7.517799
7 44 4.563464
7 45 7.135957
7 46 8.179531
7 47 8.103906
7 48 11.873952
7 49 13.468552
8 9 1.317526
8 10 2.771102
8 11 4.924786
8 12 5.148768
8 13 8.064570
8 14 7.489023
8 15 4.673488
8 16 3.432437
8 17 3.184518
8 18 3.384258
8 19 3.366149
8 20 4.525449
8 21 5.540692
8 22 8.245715
8 23 10.488951
8 24 12.804590
8 25 13.610599
8 26 15.864826
8 27 20.720447
8 28 14.356862
8 29 11.366437
8 30 9.301182
8 31 8.267818
8 32 7.835124
8 33 8.963593
8 34 6.024049
8 35 8.314317
8 36 6.439414
8 37 12.792289
8 38 9.361203
8 39 8.707253
8 40 7.254535
8 41 7.968468
8 42 7.337482
8 43 8.389785
8 44 4.456171
8 45 5.281333
8 46 3.571396
8 47 5.457093
8 48 8.561234
8 49 8.862990
9 10 1.313736
9 11 2.868820
9 12 2.915459
9 13 3.561282
9 14 4.567135
9 15 2.540716
9 16 3.285110
9 17 3.120914
9 18 3.199976
9 19 3.426768
9 20 3.198116
9 21 6.597074
9 22 9.997261
9 23 12.598824
9 24 15.695899
9 25 16.563589
9 26 20.498211
9 27 22.890676
9 28 16.391425
9 29 13.348336
9 30 10.647160
9 31 8.508422
9 32 6.351720
9 33 5.814302
9 34 2.031678
9 35 5.612846
9 36 4.066035
9 37 8.610884
9 38 9.299363
9 39 7.068494
9 40 3.701566
9 41 3.682172
9 42 3.286488
9 43 5.350982
9 44 0.746482
9 45 2.964348
9 46 3.306907
9 47 4.401495
9 48 6.559319
9 49 6.744333
10 11 1.300921
10 12 1.330441
10 13 2.338318
10 14 2.503229
10 15 1.328904
10 16 2.846528
10 17 2.446652
10 18 3.279900
10 19 2.819631
10 20 5.052290
10 21 6.955818
10 22 10.362894
10 23 13.579263
10 24 17.113857
10 25 20.331359
10 26 21.432311
10 27 24.571177
10 28 16.989720
10 29 12.410193
10 30 10.847070
10 31 6.403414
10 32 7.222433
10 33 7.799062
10 34 5.376537
10 35 8.698636
10 36 7.216386
10 37 13.747989
10 38 10.748111
10 39 6.642214
10 40 6.901599
10 41 5.085582
10 42 5.994454
10 43 7.336108
10 44 3.772397
10 45 3.850082
10 46 5.659514
10 47 2.812163
10 48 3.666903
10 49 3.269754
11 12 1.316233
11 13 2.837781
11 14 2.762677
11 15 1.325186
11 16 3.204577
11 17 4.435906
11 18 6.704028
11 19 8.897847
11 20 12.366630
11 21 11.724473
11 22 20.485817
11 23 22.280888
11 24 25.855584
11 25 25.590493
11 26 25.107212
11 27 28.298786
11 28 23.114234
11 29 15.526786
11 30 13.544903
11 31 9.612364
11 32 9.332340
11 33 7.829942
11 34 4.940401
11 35 8.503518
11 36 6.233129
11 37 22.109100
11 38 16.173971
11 39 10.624838
11 40 13.133963
11 41 9.957979
11 42 8.269694
11 43 7.117182
11 44 4.055122
11 45 2.360897
11 46 3.136731
11 47 5.698033
11 48 6.233420
11 49 3.005234
12 13 1.294608
12 14 2.820544
12 15 3.321400
12 16 4.486366
12 17 5.065059
12 18 4.521948
12 19 5.338932
12 20 8.022881
12 21 10.131346
12 22 13.606674
12 23 16.284369
12 24 22.655916
12 25 23.556359
12 26 26.701857
12 27 28.706071
12 28 23.429639
12 29 17.328236
12 30 14.889209
12 31 11.720539
12 32 10.356080
12 33 9.804560
12 34 5.350084
12 35 7.318817
12 36 3.647104
12 37 17.593283
12 38 14.161528
12 39 10.693911
12 40 10.357144
12 41 8.345299
12 42 8.647820
12 43 9.256738
12 44 5.282493
12 45 3.028452
12 46 2.344994
12 47 2.822249
12 48 2.992209
12 49 3.360665
13 14 1.321137
13 15 2.856439
13 16 3.553709
13 17 3.440400
13 18 2.821009
13 19 6.743474
13 20 10.012488
13 21 12.744699
13 22 15.639350
13 23 20.647206
13 24 24.305995
13 25 25.664199
13 26 29.032297
13 27 30.683825
13 28 25.699949
13 29 22.016570
13 30 16.308829
13 31 13.262083
13 32 10.808167
13 33 7.641263
13 34 4.854925
13 35 5.936388
13 36 3.173094
13 37 20.057923
13 38 16.372571
13 39 13.614189
13 40 10.962940
13 41 9.484309
13 42 5.950235
13 43 6.360322
13 44 2.031112
13 45 2.424498
13 46 2.645857
13 47 2.239080
13 48 2.039708
13 49 1.740460
14 15 1.311446
14 16 3.213307
14 17 2.874557
14 18 5.307579
14 19 3.086084
14 20 10.340099
14 21 9.840047
14 22 15.273166
14 23 21.565674
14 24 25.268048
14 25 26.837038
14 26 29.634617
14 27 31.405944
14 28 24.018872
14 29 20.377671
14 30 14.624083
14 31 11.357874
14 32 7.687387
14 33 2.951809
14 34 3.706255
14 35 5.207987
14 36 3.573574
14 37 14.773672
14 38 13.701511
14 39 9.508864
14 40 9.479999
14 41 6.023746
14 42 6.381406
14 43 3.326909
14 44 3.323745
14 45 2.481639
14 46 2.677098
14 47 2.609575
14 48 2.930519
14 49 2.770343
15 16 1.320875
15 17 1.331082
15 18 4.391981
15 19 5.652747
15 20 10.038417
15 21 13.096164
15 22 15.930159
15 23 22.340227
15 24 25.159136
15 25 26.709988
15 26 26.998633
15 27 30.473158
15 28 24.140716
15 29 20.373603
15 30 14.497023
15 31 9.944673
15 32 8.269390
15 33 4.571383
15 34 4.816519
15 35 7.238400
15 36 5.951654
15 37 11.743507
15 38 12.795270
15 39 7.563517
15 40 7.122029
15 41 3.413706
15 42 2.877955
15 43 2.790048
15 44 2.928538
15 45 2.415727
15 46 3.474602
15 47 4.033225
15 48 3.473451
15 49 4.131948
16 17 1.316021
16 18 1.328366
16 19 3.222829
16 20 6.216969
16 21 6.957260
16 22 10.980534
16 23 14.261537
16 24 21.677765
16 25 23.455221
16 26 23.732699
16 27 27.054759
16 28 20.636669
16 29 14.166057
16 30 10.835779
16 31 6.811610
16 32 4.369555
16 33 3.363835
16 34 3.002258
16 35 6.125058
16 36 7.347311
16 37 11.133262
16 38 9.448437
16 39 4.813576
16 40 3.505788
16 41 2.592222
16 42 2.319554
16 43 2.495072
16 44 2.464265
16 45 3.358199
16 46 4.939159
16 47 6.867909
16 48 6.636219
16 49 3.557361
17 18 1.305403
17 19 1.324928
17 20 3.756592
17 21 6.916263
17 22 9.819946
17 23 13.227961
17 24 16.141123
17 25 16.606036
17 26 20.071706
17 27 23.439166
17 28 14.630196
17 29 10.288622
17 30 7.605841
17 31 2.796004
17 32 3.185812
17 33 4.153907
17 34 4.183631
17 35 6.804786
17 36 8.021965
17 37 10.125601
17 38 7.577898
17 39 4.055890
17 40 3.198916
17 41 3.052756
17 42 2.631772
17 43 2.389702
17 44 3.065103
17 45 5.348517
17 46 6.638124
17 47 10.097177
17 48 9.964316
17 49 9.947632
18 19 1.312863
18 20 3.149090
18 21 6.121114
18 22 8.928523
18 23 11.377171
18 24 14.691764
18 25 14.252599
18 26 15.600978
18 27 20.452673
18 28 11.131123
18 29 8.043355
18 30 4.247936
18 31 3.247499
18 32 2.752851
18 33 4.415065
18 34 4.118288
18 35 2.784007
18 36 5.664887
18 37 6.453823
18 38 3.798297
18 39 2.870762
18 40 2.812779
18 41 2.576589
18 42 2.225527
18 43 2.742488
18 44 3.247095
18 45 3.478599
18 46 5.092708
18 47 7.966138
18 48 11.887872
18 49 11.546701
19 20 1.279884
19 21 3.040255
19 22 5.939225
19 23 8.901769
19 24 11.173441
19 25 11.437838
19 26 12.256712
19 27 14.445717
19 28 8.302264
19 29 5.217057
19 30 3.329073
19 31 3.767593
19 32 5.340092
19 33 7.676426
19 34 7.270408
19 35 6.348432
19 36 8.823776
19 37 6.945417
19 38 3.478034
19 39 3.067117
19 40 2.780921
19 41 2.876409
19 42 4.342329
19 43 6.747117
19 44 6.358089
19 45 10.072317
19 46 10.567370
19 47 12.784376
19 48 13.625185
19 49 10.997592
20 21 1.309253
20 22 3.464080
20 23 3.376466
20 24 6.374676
20 25 7.538477
20 26 7.705419
20 27 10.524056
20 28 4.289569
20 29 3.447403
20 30 3.327563
20 31 5.490193
20 32 6.139818
20 33 7.533574
20 34 7.222647
20 35 4.508373
20 36 2.450800
20 37 2.475206
20 38 2.868855
20 39 2.771808
20 40 2.397015
20 41 4.608071
20 42 2.900267
20 43 6.175894
20 44 7.472388
20 45 11.889350
20 46 13.038274
20 47 14.428048
20 48 18.832032
20 49 17.372003
21 22 1.310292
21 23 3.047290
21 24 4.412862
21 25 3.776558
21 26 4.154931
21 27 6.137554
21 28 3.341514
21 29 2.769502
21 30 4.795386
21 31 8.017412
21 32 8.439061
21 33 3.671800
21 34 6.939186
21 35 7.482824
21 36 6.658191
21 37 3.155104
21 38 2.730999
21 39 2.823699
21 40 4.669430
21 41 5.983070
21 42 7.613207
21 43 10.791053
21 44 11.330471
21 45 15.717573
21 46 17.721889
21 47 20.476541
21 48 22.677478
21 49 21.725382
22 23 1.310113
22 24 2.973360
22 25 2.600302
22 26 3.266538
22 27 5.018305
22 28 3.108322
22 29 3.176632
22 30 6.892353
22 31 10.245499
22 32 8.168044
22 33 6.142522
22 34 4.359410
22 35 2.482915
22 36 2.528035
22 37 2.462423
22 38 2.611675
22 39 4.117298
22 40 3.146071
22 41 5.980403
22 42 8.775321
22 43 13.234512
22 44 14.695324
22 45 21.190888
22 46 22.861931
22 47 23.469798
22 48 26.360738
22 49 25.504893
23 24 1.318357
23 25 1.841991
23 26 3.060652
23 27 5.111762
23 28 5.849213
23 29 7.357986
23 30 10.242059
23 31 9.958111
23 32 7.687222
23 33 6.231277
23 34 4.871907
23 35 7.116895
23 36 6.707349
23 37 5.340402
23 38 3.123479
23 39 5.992029
23 40 3.663207
23 41 9.103157
23 42 10.977912
23 43 14.469355
23 44 16.665499
23 45 22.977093
23 46 24.590863
23 47 26.539984
23 48 29.289642
23 49 28.360470
24 25 1.309497
24 26 2.657028
24 27 2.639407
24 28 3.372059
24 29 3.602074
24 30 7.383516
24 31 6.940318
24 32 4.250054
24 33 3.489218
24 34 2.024447
24 35 5.544248
24 36 4.729738
24 37 4.798754
24 38 3.384074
24 39 3.372970
24 40 3.217605
24 41 12.190643
24 42 14.862765
24 43 20.629872
24 44 22.334767
24 45 26.048810
24 46 27.904998
24 47 30.156546
24 48 32.686722
24 49 31.575855
25 26 1.317601
25 27 2.612573
25 28 3.029042
25 29 3.624682
25 30 6.333849
25 31 2.856234
25 32 2.929903
25 33 4.261333
25 34 3.394145
25 35 8.330069
25 36 7.881277
25 37 4.223237
25 38 2.510147
25 39 5.763153
25 40 4.678795
25 41 10.270846
25 42 14.817356
25 43 20.791425
25 44 22.481564
25 45 26.262828
25 46 27.878556
25 47 31.568006
25 48 32.647490
25 49 34.193483
26 27 1.318688
26 28 3.087767
26 29 3.154345
26 30 3.038481
26 31 3.284183
26 32 2.938596
26 33 2.898270
26 34 2.875800
26 35 5.557217
26 36 8.031922
26 37 8.754635
26 38 6.699104
26 39 6.999071
26 40 3.424710
26 41 13.535920
26 42 16.359870
26 43 21.373369
26 44 22.443705
26 45 26.113877
26 46 27.278650
26 47 30.879638
26 48 31.659888
26 49 34.211854
27 28 1.326269
27 29 1.317096
27 30 2.920848
27 31 1.322467
27 32 3.001520
27 33 1.327425
27 34 3.169448
27 35 6.335307
27 36 5.819410
27 37 8.320378
27 38 7.249023
27 39 7.578878
27 40 4.481164
27 41 15.973162
27 42 21.554189
27 43 25.026396
27 44 26.165376
27 45 29.842292
27 46 30.936632
27 47 34.540751
27 48 35.180186
27 49 37.041555
28 29 1.324246
28 30 2.849356
28 31 2.637151
28 32 2.616081
28 33 3.772058
28 34 3.735882
28 35 7.128261
28 36 8.290018
28 37 4.911254
28 38 2.707635
28 39 8.054892
28 40 11.070409
28 41 11.998060
28 42 21.075222
28 43 24.406353
28 44 25.912662
28 45 29.580089
28 46 31.033610
28 47 27.820137
28 48 35.365303
28 49 37.011358
29 30 1.322776
29 31 2.768884
29 32 2.885738
29 33 3.307308
29 34 3.208896
29 35 3.256874
29 36 5.698753
29 37 7.203909
29 38 3.004016
29 39 8.554486
29 40 12.826128
29 41 14.350130
29 42 22.224747
29 43 25.246592
29 44 26.521571
29 45 30.045404
29 46 31.183488
29 47 24.346321
29 48 35.392511
29 49 36.533508
30 31 1.314100
30 32 2.948160
30 33 3.184629
30 34 5.403012
30 35 4.060862
30 36 6.086675
30 37 7.057547
30 38 6.670202
30 39 7.396174
30 40 12.301741
30 41 12.999256
30 42 17.777101
30 43 22.616900
30 44 23.865921
30 45 27.333471
30 46 28.394889
30 47 21.545138
30 48 32.833879
30 49 33.255005
31 32 1.317770
31 33 3.046735
31 34 5.553551
31 35 7.512033
31 36 7.440325
31 37 6.209021
31 38 6.234789
31 39 8.116292
31 40 4.716019
31 41 14.613187
31 42 21.787463
31 43 24.275444
31 44 25.866678
31 45 29.322041
31 46 30.579521
31 47 16.305418
31 48 35.348225
31 49 34.858110
32 33 1.320993
32 34 3.022328
32 35 3.660052
32 36 3.252292
32 37 3.463979
32 38 3.567469
32 39 4.155255
32 40 3.289001
32 41 12.043482
32 42 21.075586
32 43 23.899344
32 44 25.881795
32 45 29.489345
32 46 31.133532
32 47 12.350982
32 48 36.070599
32 49 35.927423
33 34 1.321389
33 35 2.966965
33 36 3.027312
33 37 2.640324
33 38 2.964518
33 39 3.797852
33 40 4.761826
33 41 9.148918
33 42 14.848356
33 43 20.216617
33 44 22.260484
33 45 25.909465
33 46 27.706694
33 47 9.107586
33 48 32.725217
33 49 32.795573
34 35 1.320429
34 36 2.790148
34 37 2.028886
34 38 2.668513
34 39 3.504197
34 40 5.273928
34 41 5.740382
34 42 12.722072
34 43 15.901783
34 44 21.739920
34 45 25.317382
34 46 27.575164
34 47 6.543490
34 48 32.178571
34 49 32.373900
35 36 1.320052
35 37 2.925607
35 38 2.401360
35 39 3.363610
35 40 5.431331
35 41 2.719973
35 42 8.466204
35 43 10.123385
35 44 12.401503
35 45 21.954883
35 46 24.293579
35 47 4.278106
35 48 28.635151
35 49 28.825965
36 37 1.319187
36 38 3.127462
36 39 3.973504
36 40 6.103682
36 41 3.601854
36 42 9.836242
36 43 13.586776
36 44 16.729492
36 45 22.021695
36 46 24.743017
36 47 1.341215
36 48 29.111714
36 49 28.981121
37 38 1.319701
37 39 2.822480
37 40 2.506525
37 41 4.958516
37 42 7.354791
37 43 11.549819
37 44 14.598840
37 45 21.693362
37 46 23.769046
37 47 26.159859
37 48 27.109840
37 49 25.998732
38 39 1.321737
38 40 3.316576
38 41 4.017080
38 42 7.511208
38 43 11.706100
38 44 14.290018
38 45 17.346902
38 46 20.973554
38 47 23.576877
38 48 26.437999
38 49 24.769145
39 40 1.315070
39 41 1.329720
39 42 2.806007
39 43 7.897127
39 44 10.547472
39 45 13.503714
39 46 16.010569
39 47 21.263316
39 48 22.674283
39 49 21.115392
40 41 1.317787
40 42 3.347492
40 43 7.090152
40 44 9.114626
40 45 12.280952
40 46 12.470771
40 47 17.443100
40 48 21.060183
40 49 20.734304
41 42 1.316169
41 43 4.268058
41 44 7.039004
41 45 10.483748
41 46 9.636535
41 47 14.727109
41 48 14.711355
41 49 14.637252
42 43 1.318212
42 44 3.273392
42 45 6.853983
42 46 6.596757
42 47 10.406116
42 48 11.196193
42 49 13.023477
43 44 1.315365
43 45 3.088546
43 46 3.204085
43 47 3.013101
43 48 5.534078
43 49 4.746054
44 45 1.301438
44 46 2.824419
44 47 3.430509
44 48 5.564943
44 49 2.048713
45 46 1.306457
45 47 2.791925
45 48 2.997261
45 49 3.748146
46 47 1.321863
46 48 2.611708
46 49 2.974112
47 48 1.315706
47 49 2.834017
48 49 1.312915
