2 3 1.323784
2 4 3.201024
2 5 2.970117
2 6 2.970331
2 7 5.109827
2 8 6.840433
2 9 6.534520
2 10 9.097168
2 11 9.767457
2 12 12.365875
2 13 13.676852
2 14 20.220054
2 15 20.923934
2 16 24.654521
2 17 24.082450
2 18 22.000092
2 19 24.610522
2 20 27.500055
2 21 26.930945
2 22 27.931852
2 23 30.179841
2 24 32.996388
2 25 32.276230
2 26 34.714368
2 27 34.195384
2 28 36.170604
2 29 35.862295
2 30 32.305332
2 31 30.950485
2 32 31.100943
2 33 33.038812
2 34 33.964080
2 35 34.595736
2 36 31.948460
2 37 30.774993
2 38 29.841539
2 39 33.323645
2 40 36.795254
2 41 39.022149
2 42 41.122996
2 43 40.429438
2 44 37.342501
2 45 35.128813
2 46 31.599618
2 47 30.115125
2 48 27.086360
2 49 26.229833
2 50 25.111836
2 51 24.611006
2 52 22.628477
2 53 20.727671
2 54 21.901390
2 55 24.772847
2 56 27.441946
2 57 30.285071
2 58 33.268646
2 59 34.998757
2 60 32.545565
2 61 29.822045
2 62 26.933560
2 63 24.380764
2 64 20.853969
2 65 12.718375
2 66 14.878436
2 67 8.592523
2 68 15.144968
2 69 20.693129
2 70 15.868378
2 71 14.063682
2 72 22.178252
2 73 24.088665
2 74 23.225788
2 75 22.527691
2 76 16.876946
2 77 13.801117
2 78 7.480667
2 79 8.619747
2 80 12.237988
2 81 12.194991
2 82 8.538774
2 83 10.987378
2 84 13.487950
2 85 12.126334
2 86 10.198291
2 87 13.341490
2 88 15.227198
2 89 11.822186
2 90 12.785300
2 91 8.080198
2 92 7.449812
2 93 6.041224
2 94 9.251816
3 4 1.331656
3 5 3.201995
3 6 3.096591
3 7 2.999685
3 8 5.135274
3 9 6.927351
3 10 7.442021
3 11 7.498211
3 12 10.885950
3 13 12.622981
3 14 15.641358
3 15 16.605093
3 16 22.889303
3 17 22.838447
3 18 20.986239
3 19 23.414511
3 20 26.354695
3 21 26.310316
3 22 27.257399
3 23 29.076961
3 24 31.708643
3 25 30.614208
3 26 32.811182
3 27 31.993265
3 28 33.693254
3 29 33.161207
3 30 29.526348
3 31 28.345007
3 32 28.859770
3 33 30.907426
3 34 32.155066
3 35 32.995634
3 36 30.356386
3 37 29.607508
3 38 28.597036
3 39 31.912545
3 40 35.439402
3 41 37.412126
3 42 39.526221
3 43 38.544235
3 44 35.392154
3 45 32.989805
3 46 29.529488
3 47 27.788979
3 48 24.746897
3 49 23.545894
3 50 22.549235
3 51 21.654192
3 52 15.677968
3 53 14.850633
3 54 16.579534
3 55 22.436134
3 56 24.987550
3 57 28.042280
3 58 30.908243
3 59 32.833660
3 60 30.523205
3 61 27.670716
3 62 24.913946
3 63 22.103878
3 64 16.517502
3 65 11.126704
3 66 13.989461
3 67 8.099890
3 68 14.480605
3 69 17.020055
3 70 16.153743
3 71 13.454278
3 72 21.404687
3 73 23.503815
3 74 23.245808
3 75 22.584183
3 76 17.932391
3 77 14.572233
3 78 7.746761
3 79 10.931716
3 80 14.369742
3 81 13.126325
3 82 9.916449
3 83 12.730808
3 84 14.819372
3 85 12.237507
3 86 11.551305
3 87 14.376066
3 88 15.207519
3 89 11.601873
3 90 13.437603
3 91 9.213128
3 92 11.065831
3 93 9.379359
3 94 13.652210
4 5 1.329571
4 6 3.133397
4 7 3.172373
4 8 2.974521
4 9 4.828983
4 10 6.072450
4 11 4.967903
4 12 8.926532
4 13 10.814879
4 14 14.509607
4 15 16.178942
4 16 22.312616
4 17 22.001714
4 18 20.689634
4 19 23.523961
4 20 26.035796
4 21 26.038866
4 22 27.262415
4 23 29.346697
4 24 31.590605
4 25 30.336247
4 26 32.303106
4 27 31.285413
4 28 33.137299
4 29 32.366598
4 30 28.736137
4 31 27.920208
4 32 28.528010
4 33 30.948285
4 34 32.400183
4 35 33.710707
4 36 31.397134
4 37 30.792115
4 38 30.202398
4 39 33.581274
4 40 36.990426
4 41 38.551821
4 42 40.562276
4 43 39.367544
4 44 35.897963
4 45 33.806950
4 46 30.249447
4 47 28.177967
4 48 24.835980
4 49 23.326453
4 50 21.751483
4 51 20.779864
4 52 16.440280
4 53 14.777917
4 54 17.670413
4 55 23.105010
4 56 25.934631
4 57 29.198002
4 58 32.185806
4 59 34.112279
4 60 32.255313
4 61 29.397972
4 62 26.541648
4 63 23.500897
4 64 17.019767
4 65 11.584237
4 66 14.303157
4 67 9.016028
4 68 14.915148
4 69 20.617647
4 70 20.003520
4 71 17.310713
4 72 23.218485
4 73 24.917004
4 74 24.229871
4 75 24.660431
4 76 21.475037
4 77 15.820561
4 78 9.819312
4 79 8.532868
4 80 14.290143
4 81 13.432441
4 82 10.362524
4 83 12.080077
4 84 14.234207
4 85 11.561547
4 86 10.019527
4 87 12.887072
4 88 13.196245
4 89 9.505280
4 90 10.559623
4 91 6.982678
4 92 6.586713
4 93 6.422730
4 94 7.565891
4 95 10.352288
4 96 10.262368
5 6 1.330686
5 7 3.206028
5 8 3.136734
5 9 2.719734
5 10 4.915070
5 11 6.737672
5 12 7.627861
5 13 8.077250
5 14 12.373633
5 15 14.208500
5 16 20.751521
5 17 15.778372
5 18 13.432088
5 19 21.134401
5 20 23.700903
5 21 22.993643
5 22 24.338493
5 23 26.782665
5 24 29.524607
5 25 28.642249
5 26 30.882366
5 27 30.247282
5 28 32.440669
5 29 32.035631
5 30 28.540692
5 31 27.406605
5 32 27.510674
5 33 29.751071
5 34 30.661966
5 35 32.028902
5 36 29.810851
5 37 28.828250
5 38 28.533058
5 39 31.954946
5 40 35.189953
5 41 36.816220
5 42 39.015282
5 43 37.682931
5 44 34.169528
5 45 32.425338
5 46 28.730916
5 47 27.190522
5 48 23.957556
5 49 22.934428
5 50 21.262533
5 51 20.967899
5 52 15.788496
5 53 13.345837
5 54 16.703038
5 55 22.153759
5 56 25.061723
5 57 28.071321
5 58 31.269353
5 59 32.956497
5 60 31.158773
5 61 28.695299
5 62 25.492870
5 63 22.669168
5 64 16.169900
5 65 10.830539
5 66 11.851442
5 67 6.405879
5 68 13.061260
5 69 15.580823
5 70 13.132734
5 71 13.869105
5 72 21.068808
5 73 22.346889
5 74 21.404150
5 75 22.203289
5 76 15.610762
5 77 13.838768
5 78 7.815454
5 79 8.323725
5 80 12.061055
5 81 9.965685
5 82 7.395852
5 83 8.534277
5 84 10.764335
5 85 8.305181
5 86 6.553742
5 87 9.614177
5 88 10.549677
5 89 6.994886
5 90 8.550769
5 91 3.666494
5 92 3.164629
5 93 3.517855
5 94 2.700566
5 95 6.218925
5 96 7.477661
6 7 1.318929
6 8 3.320741
6 9 3.163683
6 10 2.900661
6 11 5.076217
6 12 6.809158
6 13 6.629920
6 14 10.920453
6 15 11.979817
6 16 14.825454
6 17 14.684387
6 18 11.773592
6 19 15.625916
6 20 21.442010
6 21 21.025157
6 22 21.961559
6 23 24.181427
6 24 27.018429
6 25 26.065620
6 26 28.430440
6 27 27.870119
6 28 29.894622
6 29 29.662801
6 30 26.161217
6 31 24.737167
6 32 24.823378
6 33 26.710786
6 34 27.618335
6 35 28.835443
6 36 26.463670
6 37 25.582153
6 38 25.038938
6 39 28.475283
6 40 31.777340
6 41 33.359350
6 42 35.657138
6 43 34.332665
6 44 30.889984
6 45 28.977371
6 46 25.335340
6 47 23.905488
6 48 20.942769
6 49 20.099820
6 50 14.846028
6 51 14.599931
6 52 12.714905
6 53 10.874115
6 54 13.230080
6 55 14.021555
6 56 21.468025
6 57 24.463269
6 58 27.630974
6 59 29.301904
6 60 27.449355
6 61 24.938521
6 62 21.765046
6 63 14.950054
6 64 12.670043
6 65 7.242845
6 66 9.333380
6 67 3.828780
6 68 8.870706
6 69 11.611358
6 70 11.222286
6 71 9.873584
6 72 13.495471
6 73 15.647550
6 74 14.876740
6 75 15.606921
6 76 11.962401
6 77 9.180504
6 78 4.000346
6 79 4.096758
6 80 7.971596
6 81 7.257581
6 82 3.696633
6 83 6.457767
6 84 8.999051
6 85 7.548659
6 86 7.448190
6 87 10.381735
6 88 10.940371
6 89 7.570467
6 90 10.546508
6 91 6.456032
6 92 5.490160
6 93 3.836012
6 94 7.242506
6 95 7.728802
6 96 10.132054
7 8 1.323037
7 9 3.224184
7 10 3.163729
7 11 2.692647
7 12 4.904883
7 13 7.069820
7 14 10.117472
7 15 11.600047
7 16 14.392852
7 17 14.551561
7 18 12.390997
7 19 16.217093
7 20 21.345356
7 21 21.802184
7 22 23.147931
7 23 24.668522
7 24 26.786437
7 25 25.369149
7 26 27.272522
7 27 26.243270
7 28 28.092281
7 29 27.434541
7 30 23.833536
7 31 22.885070
7 32 23.446268
7 33 25.894760
7 34 27.435229
7 35 28.858056
7 36 26.695355
7 37 26.326794
7 38 25.965075
7 39 29.291252
7 40 32.604790
7 41 33.818714
7 42 35.803526
7 43 34.295480
7 44 30.783629
7 45 28.703770
7 46 25.161683
7 47 23.201502
7 48 16.769230
7 49 14.766496
7 50 13.236133
7 51 12.835693
7 52 11.814612
7 53 9.968995
7 54 13.010578
7 55 15.928102
7 56 20.948137
7 57 24.284662
7 58 27.155622
7 59 29.265180
7 60 27.705695
7 61 24.855241
7 62 22.042606
7 63 17.262986
7 64 13.901728
7 65 8.939520
7 66 10.153887
7 67 5.953452
7 68 12.356116
7 69 14.857667
7 70 13.645667
7 71 13.328431
7 72 17.836503
7 73 21.130062
7 74 21.330858
7 75 21.809004
7 76 16.477729
7 77 14.199038
7 78 7.535347
7 79 7.969960
7 80 13.014349
7 81 11.170194
7 82 8.539521
7 83 10.863478
7 84 12.325960
7 85 9.186383
7 86 9.494080
7 87 11.663835
7 88 10.897998
7 89 7.440037
7 90 10.294205
7 91 6.815071
7 92 7.797452
7 93 6.380089
7 94 10.072941
7 95 11.517670
7 96 12.588266
8 9 1.325661
8 10 3.325461
8 11 3.481532
8 12 3.001157
8 13 5.208755
8 14 8.726391
8 15 11.084209
8 16 13.780165
8 17 12.288126
8 18 10.961229
8 19 15.290255
8 20 20.728715
8 21 20.905117
8 22 22.969848
8 23 24.557969
8 24 26.435382
8 25 25.196360
8 26 27.087661
8 27 26.180261
8 28 28.424924
8 29 27.817401
8 30 24.207801
8 31 23.415623
8 32 23.799327
8 33 26.447949
8 34 27.868943
8 35 29.521455
8 36 27.709782
8 37 27.190117
8 38 27.319097
8 39 30.782430
8 40 33.902231
8 41 35.308543
8 42 36.721033
8 43 35.455578
8 44 31.802451
8 45 30.097959
8 46 26.448503
8 47 24.260362
8 48 20.717185
8 49 15.527306
8 50 13.858678
8 51 14.429971
8 52 13.490646
8 53 10.099446
8 54 14.494005
8 55 17.068578
8 56 22.825431
8 57 26.119978
8 58 29.109006
8 59 31.227546
8 60 29.937162
8 61 27.275121
8 62 24.366346
8 63 21.093989
8 64 15.404695
8 65 10.534928
8 66 10.359431
8 67 7.074984
8 68 13.315173
8 69 15.552077
8 70 12.931676
8 71 15.162397
8 72 21.237826
8 73 22.014677
8 74 22.149938
8 75 22.994028
8 76 20.344880
8 77 15.565417
8 78 9.817423
8 79 10.524599
8 80 13.429059
8 81 10.637119
8 82 8.657286
8 83 10.680079
8 84 10.276077
8 85 6.790275
8 86 7.041832
8 87 8.964195
8 88 7.553926
8 89 4.021364
8 90 6.665400
8 91 3.771589
8 92 6.373399
8 93 7.623209
8 94 10.258277
8 95 12.921485
8 96 14.219247
9 10 1.322471
9 11 3.250666
9 12 3.037184
9 13 3.163679
9 14 6.261739
9 15 8.203280
9 16 10.941922
9 17 9.902782
9 18 7.790184
9 19 12.100726
9 20 14.444071
9 21 11.854086
9 22 12.361581
9 23 21.278959
9 24 23.411924
9 25 22.524260
9 26 24.786041
9 27 24.328963
9 28 26.765253
9 29 26.648561
9 30 23.283517
9 31 21.984764
9 32 21.714573
9 33 24.034926
9 34 25.067114
9 35 26.569723
9 36 24.766051
9 37 23.932735
9 38 24.163531
9 39 27.748874
9 40 30.803589
9 41 32.271507
9 42 33.793312
9 43 32.634463
9 44 29.088997
9 45 27.591699
9 46 23.835163
9 47 21.971872
9 48 14.010905
9 49 13.279418
9 50 12.144409
9 51 12.991980
9 52 11.864717
9 53 7.737470
9 54 12.189445
9 55 13.990308
9 56 20.716128
9 57 23.746089
9 58 26.981190
9 59 28.807495
9 60 27.383630
9 61 25.063695
9 62 21.785533
9 63 15.830040
9 64 12.773941
9 65 8.318841
9 66 7.241335
9 67 3.906002
9 68 9.087246
9 69 11.301548
9 70 8.245339
9 71 10.822921
9 72 13.495268
9 73 14.312034
9 74 13.242539
9 75 16.324690
9 76 11.116376
9 77 10.098286
9 78 6.758104
9 79 7.033060
9 80 8.036746
9 81 5.670174
9 82 3.246254
9 83 5.184493
9 84 6.241701
9 85 3.470755
9 86 3.762005
9 87 6.243510
9 88 6.575542
9 89 3.745077
9 90 6.774821
9 91 3.937003
9 92 5.520426
9 93 4.062214
9 94 8.861866
9 95 9.001079
9 96 12.456696
10 11 1.327995
10 12 3.236976
10 13 3.094912
10 14 5.222025
10 15 6.484458
10 16 9.285327
10 17 9.955372
10 18 7.878009
10 19 11.370139
10 20 13.797020
10 21 13.820290
10 22 14.665733
10 23 17.757706
10 24 21.639483
10 25 20.303641
10 26 22.349937
10 27 21.602201
10 28 23.725443
10 29 23.474480
10 30 20.049955
10 31 13.691337
10 32 13.916535
10 33 21.179673
10 34 22.555531
10 35 24.140178
10 36 22.243354
10 37 21.875994
10 38 21.997485
10 39 25.382797
10 40 28.483819
10 41 29.866082
10 42 31.274473
10 43 30.010492
10 44 26.394668
10 45 24.642176
10 46 20.957265
10 47 13.697437
10 48 10.615402
10 49 8.149434
10 50 7.228295
10 51 6.830072
10 52 4.529622
10 53 3.562393
10 54 6.595294
10 55 9.801361
10 56 13.344525
10 57 20.678865
10 58 23.728775
10 59 25.800707
10 60 24.597424
10 61 22.047930
10 62 15.498972
10 63 11.681714
10 64 8.490795
10 65 3.971892
10 66 6.013885
10 67 3.921346
10 68 7.869503
10 69 10.416695
10 70 10.323046
10 71 10.714636
10 72 13.247307
10 73 15.387918
10 74 16.205302
10 75 16.504981
10 76 12.820649
10 77 10.452215
10 78 2.966551
10 79 5.250290
10 80 10.599834
10 81 8.633646
10 82 7.320906
10 83 9.687635
10 84 9.350402
10 85 6.040098
10 86 7.013732
10 87 9.286580
10 88 8.661228
10 89 5.613568
10 90 8.887978
10 91 6.658311
10 92 8.301658
10 93 7.787094
10 94 11.850741
10 95 11.601017
10 96 13.988357
11 12 1.326706
11 13 3.295740
11 14 5.599386
11 15 7.887952
11 16 10.387343
11 17 9.522474
11 18 9.586334
11 19 13.226642
11 20 14.959975
11 21 14.150072
11 22 20.259425
11 23 21.115052
11 24 22.570749
11 25 20.875183
11 26 22.409216
11 27 21.215653
11 28 23.373144
11 29 22.648894
11 30 16.115140
11 31 16.756867
11 32 14.721877
11 33 21.820479
11 34 23.688363
11 35 25.639694
11 36 24.174717
11 37 24.183588
11 38 24.655283
11 39 27.888937
11 40 30.818565
11 41 31.845672
11 42 32.925139
11 43 31.344000
11 44 27.690012
11 45 25.940360
11 46 22.349316
11 47 17.686643
11 48 13.668807
11 49 11.752504
11 50 9.482962
11 51 10.389300
11 52 9.872585
11 53 6.443359
11 54 11.105560
11 55 13.889949
11 56 17.524157
11 57 22.444613
11 58 25.362588
11 59 27.789331
11 60 26.871096
11 61 24.291053
11 62 21.534301
11 63 16.104457
11 64 12.518244
11 65 8.461565
11 66 8.209379
11 67 6.829857
11 68 11.763729
11 69 13.539262
11 70 12.372568
11 71 14.684057
11 72 17.490971
11 73 20.260274
11 74 21.233878
11 75 22.524609
11 76 20.594145
11 77 16.036007
11 78 9.100274
11 79 12.261769
11 80 14.408666
11 81 11.156618
11 82 10.286861
11 83 12.416840
11 84 11.410950
11 85 8.138397
11 86 9.194433
11 87 10.704607
11 88 7.936023
11 89 5.812796
11 90 8.382019
11 91 6.908278
11 92 10.366368
11 93 10.416040
11 94 14.255599
11 95 15.776617
11 96 20.082143
12 13 1.333111
12 14 3.694290
12 15 6.971753
12 16 9.087266
12 17 6.643211
12 18 7.392429
12 19 11.310254
12 20 13.027579
12 21 10.548121
12 22 13.949452
12 23 20.070853
12 24 21.474617
12 25 20.253297
12 26 22.041532
12 27 21.314040
12 28 23.963254
12 29 23.509413
12 30 17.057966
12 31 17.748921
12 32 14.539822
12 33 22.187432
12 34 23.528151
12 35 25.605971
12 36 24.498012
12 37 24.109781
12 38 25.008819
12 39 28.420901
12 40 31.148095
12 41 32.072595
12 42 33.109687
12 43 31.513196
12 44 27.725131
12 45 26.564815
12 46 22.913851
12 47 20.549620
12 48 13.160505
12 49 12.613798
12 50 10.986198
12 51 12.149836
12 52 11.631628
12 53 6.938967
12 54 12.226469
12 55 14.513229
12 56 20.358679
12 57 23.490204
12 58 26.490230
12 59 28.669370
12 60 28.045340
12 61 25.719028
12 62 22.925275
12 63 17.619170
12 64 13.744009
12 65 10.498610
12 66 8.317714
12 67 8.486756
12 68 12.673127
12 69 13.742829
12 70 11.272758
12 71 15.424285
12 72 20.076330
12 73 16.362793
12 74 20.411540
12 75 22.263119
12 76 20.139482
12 77 16.773039
12 78 11.181850
12 79 14.171475
12 80 13.686338
12 81 10.802193
12 82 9.908937
12 83 10.524985
12 84 8.309102
12 85 5.473108
12 86 6.747727
12 87 7.035861
12 88 3.775946
12 89 3.279319
12 90 5.493393
12 91 4.327278
12 92 8.866724
12 93 10.936256
12 94 13.885319
12 95 16.231886
12 96 20.554764
13 14 1.327509
13 15 3.983486
13 16 6.315882
13 17 5.982429
13 18 3.301764
13 19 7.274239
13 20 9.644919
13 21 9.246338
13 22 9.941288
13 23 13.501744
13 24 16.149876
13 25 11.593061
13 26 16.950004
13 27 12.855128
13 28 21.064120
13 29 21.004554
13 30 13.575424
13 31 14.085002
13 32 11.953374
13 33 16.477866
13 34 18.306611
13 35 21.815467
13 36 20.837791
13 37 20.369308
13 38 21.443972
13 39 24.854163
13 40 27.490977
13 41 28.315719
13 42 29.313536
13 43 27.880835
13 44 24.106917
13 45 23.052023
13 46 13.069567
13 47 13.465122
13 48 9.686635
13 49 8.936167
13 50 7.485833
13 51 9.420448
13 52 8.800618
13 53 3.297647
13 54 8.778843
13 55 10.193037
13 56 13.922774
13 57 20.091416
13 58 23.234500
13 59 25.217544
13 60 24.654430
13 61 22.572980
13 62 16.266519
13 63 13.528066
13 64 9.811937
13 65 7.053576
13 66 3.600837
13 67 4.044080
13 68 7.772647
13 69 8.963891
13 70 7.661000
13 71 10.242904
13 72 12.739653
13 73 12.730577
13 74 12.844970
13 75 15.699287
13 76 12.091713
13 77 11.588212
13 78 7.575904
13 79 10.145763
13 80 10.264841
13 81 6.923941
13 82 6.312875
13 83 8.160098
13 84 5.875787
13 85 3.355740
13 86 5.389390
13 87 6.261683
13 88 3.704159
13 89 3.765662
13 90 6.526108
13 91 7.001172
13 92 9.787178
13 93 8.824471
13 94 13.140304
13 95 12.852683
13 96 21.142753
14 15 1.327576
14 16 2.986766
14 17 2.961616
14 18 2.914076
14 19 5.143739
14 20 6.720668
14 21 8.033764
14 22 9.688689
14 23 10.798309
14 24 12.991844
14 25 8.297809
14 26 12.464021
14 27 7.472825
14 28 13.273121
14 29 12.430432
14 30 9.084499
14 31 10.068924
14 32 6.687621
14 33 11.875387
14 34 13.735933
14 35 15.383462
14 36 16.586147
14 37 14.092186
14 38 13.769466
14 39 23.065401
14 40 25.445880
14 41 25.891147
14 42 26.605572
14 43 24.963475
14 44 21.282140
14 45 20.330739
14 46 11.127866
14 47 10.956539
14 48 6.292810
14 49 5.975544
14 50 4.825997
14 51 6.884058
14 52 8.103210
14 53 2.719551
14 54 7.569811
14 55 9.655834
14 56 12.509764
14 57 15.828614
14 58 21.051335
14 59 23.229620
14 60 22.905681
14 61 21.133028
14 62 15.676004
14 63 13.407658
14 64 9.891439
14 65 8.144286
14 66 5.123996
14 67 8.192805
14 68 10.679273
14 69 8.638123
14 70 9.012010
14 71 12.854259
14 72 14.641441
14 73 12.051430
14 74 13.808125
14 75 20.251983
14 76 14.430177
14 77 16.381373
14 78 11.873745
14 79 15.792882
14 80 14.278342
14 81 11.289733
14 82 11.688452
14 83 12.395122
14 84 9.689542
14 85 6.875011
14 86 9.764328
14 87 9.885127
14 88 6.194138
14 89 3.844905
14 90 9.809130
14 91 10.056326
14 92 14.206528
14 93 14.422977
14 94 20.950204
14 95 21.441855
14 96 24.696258
15 16 1.326100
15 17 3.252440
15 18 3.284589
15 19 2.861467
15 20 4.617554
15 21 6.903972
15 22 7.747173
15 23 8.292364
15 24 10.419895
15 25 5.651130
15 26 11.054127
15 27 10.212189
15 28 12.862296
15 29 13.205130
15 30 9.257905
15 31 8.971413
15 32 7.528033
15 33 10.434332
15 34 10.317378
15 35 11.957573
15 36 12.598916
15 37 10.796764
15 38 9.374626
15 39 15.589580
15 40 21.819508
15 41 22.338849
15 42 23.342667
15 43 21.787514
15 44 15.636038
15 45 12.708907
15 46 7.349993
15 47 6.740337
15 48 3.704026
15 49 3.997018
15 50 4.927955
15 51 6.634195
15 52 5.915958
15 53 2.773652
15 54 3.483338
15 55 3.684244
15 56 6.954742
15 57 10.010981
15 58 12.431005
15 59 15.206060
15 60 13.885441
15 61 12.091533
15 62 9.649292
15 63 7.238282
15 64 3.855720
15 65 3.644519
15 66 3.570300
15 67 6.126620
15 68 7.237356
15 69 4.953994
15 70 7.352618
15 71 10.038930
15 72 10.137511
15 73 9.883962
15 74 12.664481
15 75 14.720086
15 76 13.169464
15 77 14.396816
15 78 9.758800
15 79 14.783273
15 80 14.112651
15 81 11.237144
15 82 12.685143
15 83 14.020808
15 84 11.217488
15 85 7.153612
15 86 11.584836
15 87 12.418601
15 88 7.534924
15 89 5.845823
15 90 12.834366
15 91 13.008314
15 92 16.554379
15 93 15.825128
15 94 21.667353
15 95 21.515361
15 96 24.931795
16 17 1.326556
16 18 3.297214
16 19 3.594496
16 20 2.797189
16 21 5.101198
16 22 7.139669
16 23 6.244005
16 24 8.243244
16 25 3.900559
16 26 7.834025
16 27 6.284154
16 28 9.854030
16 29 9.953200
16 30 6.784845
16 31 6.782264
16 32 3.713638
16 33 8.047992
16 34 9.958880
16 35 11.578787
16 36 13.324208
16 37 11.269274
16 38 12.207734
16 39 17.159063
16 40 21.043284
16 41 21.048199
16 42 21.495792
16 43 17.737363
16 44 14.885190
16 45 13.890914
16 46 8.264223
16 47 7.778199
16 48 3.588717
16 49 4.872822
16 50 3.739093
16 51 6.653606
16 52 8.373032
16 53 4.756854
16 54 6.707121
16 55 7.936977
16 56 10.218700
16 57 13.345956
16 58 13.964259
16 59 18.013629
16 60 17.305751
16 61 16.706475
16 62 13.954860
16 63 12.426439
16 64 9.187573
16 65 8.461112
16 66 6.212319
16 67 9.323012
16 68 11.339700
16 69 7.923008
16 70 9.910115
16 71 13.497993
16 72 14.595140
16 73 11.313601
16 74 13.409557
16 75 17.210561
16 76 15.664988
16 77 20.507313
16 78 13.622631
16 79 18.127862
16 80 16.391443
16 81 13.601754
16 82 14.859252
16 83 15.838762
16 84 12.626283
16 85 9.154281
16 86 13.722566
16 87 13.869410
16 88 7.209722
16 89 6.697363
16 90 14.876169
16 91 15.254985
16 92 21.199281
16 93 21.385063
16 94 24.885449
16 95 24.904993
16 96 28.405816
17 18 1.334140
17 19 3.438562
17 20 3.489675
17 21 3.311140
17 22 5.921719
17 23 7.368307
17 24 9.623738
17 25 5.904552
17 26 10.639261
17 27 9.500823
17 28 13.341431
17 29 13.891396
17 30 11.172340
17 31 10.908307
17 32 7.264107
17 33 11.076667
17 34 11.820310
17 35 13.162426
17 36 14.836818
17 37 11.930090
17 38 12.644640
17 39 20.718797
17 40 22.583782
17 41 22.954002
17 42 23.272474
17 43 21.946116
17 44 17.195981
17 45 16.299165
17 46 10.021330
17 47 10.900558
17 48 6.512271
17 49 8.773110
17 50 8.049546
17 51 10.426223
17 52 11.463883
17 53 6.707056
17 54 9.650340
17 55 10.093875
17 56 12.727736
17 57 15.600559
17 58 20.573083
17 59 22.102660
17 60 21.840503
17 61 20.931431
17 62 15.984442
17 63 14.616609
17 64 11.631088
17 65 10.472170
17 66 7.376251
17 67 9.941573
17 68 12.051815
17 69 7.517544
17 70 7.921498
17 71 12.733466
17 72 14.188875
17 73 10.007804
17 74 10.958647
17 75 15.704340
17 76 13.441467
17 77 20.085252
17 78 14.926954
17 79 15.997142
17 80 13.420085
17 81 11.235557
17 82 12.126461
17 83 11.502167
17 84 8.151305
17 85 7.104445
17 86 10.089031
17 87 8.596820
17 88 3.048788
17 89 3.935611
17 90 10.292281
17 91 12.657494
17 92 15.928076
17 93 17.038162
17 94 23.310757
17 95 23.715604
17 96 27.294890
18 19 1.334266
18 20 3.296675
18 21 3.287631
18 22 3.326606
18 23 5.907106
18 24 8.978576
18 25 6.630033
18 26 12.144695
18 27 12.303406
18 28 15.625998
18 29 16.427990
18 30 13.526699
18 31 13.013150
18 32 9.705858
18 33 12.420681
18 34 10.472102
18 35 11.422538
18 36 12.559012
18 37 9.315871
18 38 9.579160
18 39 15.371754
18 40 20.848083
18 41 21.842475
18 42 22.622261
18 43 21.770936
18 44 16.658488
18 45 15.548359
18 46 8.451523
18 47 10.971862
18 48 7.686457
18 49 10.252813
18 50 9.997549
18 51 12.282615
18 52 11.898590
18 53 6.820190
18 54 9.754301
18 55 8.292665
18 56 12.093193
18 57 14.344278
18 58 17.065545
18 59 20.771137
18 60 16.130797
18 61 16.265300
18 62 13.334469
18 63 11.847538
18 64 9.494734
18 65 6.894230
18 66 3.824706
18 67 5.681416
18 68 7.440435
18 69 4.281580
18 70 3.604410
18 71 7.809254
18 72 9.643216
18 73 6.795750
18 74 8.435416
18 75 11.914675
18 76 9.369175
18 77 11.904885
18 78 10.745104
18 79 12.807932
18 80 10.244929
18 81 7.999064
18 82 9.547678
18 83 10.188201
18 84 7.111311
18 85 3.750297
18 86 8.499353
18 87 9.234496
18 88 3.923842
18 89 3.809099
18 90 10.912172
18 91 11.550573
18 92 14.610918
18 93 13.240161
18 94 20.931296
18 95 20.916498
18 96 24.607581
19 20 1.314434
19 21 3.041761
19 22 2.821649
19 23 2.765763
19 24 5.511167
19 25 4.112278
19 26 9.023283
19 27 11.377449
19 28 12.402447
19 29 14.979354
19 30 11.889035
19 31 10.429128
19 32 7.437066
19 33 8.215074
19 34 5.833693
19 35 7.217942
19 36 8.457340
19 37 6.288617
19 38 7.022387
19 39 11.985558
19 40 14.849783
19 41 14.534918
19 42 15.670721
19 43 13.753939
19 44 11.963807
19 45 10.541572
19 46 3.633877
19 47 5.900892
19 48 3.704176
19 49 6.817323
19 50 8.621812
19 51 10.954280
19 52 9.964513
19 53 7.305195
19 54 5.563124
19 55 3.627097
19 56 6.637650
19 57 9.037535
19 58 11.851330
19 59 13.743374
19 60 12.017321
19 61 11.802227
19 62 9.044756
19 63 7.927375
19 64 6.130133
19 65 5.616047
19 66 5.432217
19 67 7.450826
19 68 7.422687
19 69 3.662556
19 70 6.448042
19 71 9.298410
19 72 8.952794
19 73 7.074610
19 74 9.835467
19 75 13.027657
19 76 12.207785
19 77 14.185778
19 78 11.583118
19 79 15.470095
19 80 13.595857
19 81 11.200592
19 82 12.886814
19 83 13.811275
19 84 10.846743
19 85 7.479218
19 86 12.728575
19 87 13.217322
19 88 6.110252
19 89 7.144867
19 90 15.082721
19 91 15.772602
19 92 20.987474
19 93 20.575758
19 94 23.680692
19 95 23.177741
19 96 26.890669
20 21 1.331390
20 22 3.154064
20 23 3.146261
20 24 5.188999
20 25 3.891507
20 26 7.798837
20 27 9.450866
20 28 12.124260
20 29 13.982908
20 30 12.601653
20 31 11.014351
20 32 7.083338
20 33 9.196277
20 34 8.252702
20 35 9.643642
20 36 11.449730
20 37 8.973398
20 38 10.467720
20 39 15.121824
20 40 17.727224
20 41 16.819426
20 42 17.289240
20 43 16.335447
20 44 14.066277
20 45 13.795022
20 46 7.273651
20 47 9.970838
20 48 6.724593
20 49 10.452549
20 50 10.419238
20 51 13.444548
20 52 14.024292
20 53 10.465760
20 54 10.481483
20 55 9.187374
20 56 11.732586
20 57 13.743124
20 58 15.954285
20 59 17.593301
20 60 15.897638
20 61 16.868772
20 62 13.854409
20 63 13.572206
20 64 11.771999
20 65 10.745271
20 66 8.882370
20 67 11.095940
20 68 12.003743
20 69 6.028189
20 70 8.462340
20 71 12.468562
20 72 12.917950
20 73 9.039852
20 74 10.833717
20 75 15.093507
20 76 14.157773
20 77 20.239091
20 78 16.027221
20 79 20.461989
20 80 15.785594
20 81 13.855699
20 82 15.490706
20 83 15.939389
20 84 12.375547
20 85 9.795626
20 86 14.947797
20 87 14.820181
20 88 7.080158
20 89 8.709456
20 90 16.745534
20 91 20.033563
20 92 22.913279
20 93 23.020372
20 94 26.268241
20 95 26.125492
20 96 29.868879
21 22 1.332320
21 23 3.775999
21 24 6.625182
21 25 6.373542
21 26 10.655553
21 27 12.936839
21 28 15.328013
21 29 20.342467
21 30 15.546057
21 31 13.845683
21 32 10.379075
21 33 11.360443
21 34 9.966401
21 35 10.352843
21 36 11.552434
21 37 8.699129
21 38 10.716192
21 39 14.683757
21 40 17.112888
21 41 16.838485
21 42 17.900150
21 43 17.385718
21 44 15.794987
21 45 15.729126
21 46 9.321067
21 47 12.559213
21 48 9.452032
21 49 13.342793
21 50 13.175906
21 51 16.122377
21 52 16.640610
21 53 12.565901
21 54 13.170055
21 55 11.580102
21 56 14.129719
21 57 15.542037
21 58 20.484868
21 59 20.807973
21 60 20.267294
21 61 20.435694
21 62 15.085248
21 63 15.498622
21 64 13.999857
21 65 12.465028
21 66 9.939864
21 67 11.301674
21 68 12.866822
21 69 6.561654
21 70 6.510094
21 71 11.681995
21 72 11.856903
21 73 7.121201
21 74 7.158625
21 75 12.703894
21 76 10.672052
21 77 14.688480
21 78 14.503977
21 79 14.739097
21 80 11.389819
21 81 10.303775
21 82 11.832701
21 83 10.504190
21 84 7.582488
21 85 6.027280
21 86 10.222034
21 87 9.506140
21 88 2.567864
21 89 6.989423
21 90 11.360947
21 91 13.488583
21 92 21.344735
21 93 21.496116
21 94 24.559523
21 95 24.512301
21 96 28.308039
22 23 1.334423
22 24 4.460457
22 25 7.006834
22 26 10.355041
22 27 13.472406
22 28 15.774852
22 29 20.680402
22 30 17.048124
22 31 14.754247
22 32 11.284743
22 33 10.141699
22 34 7.378432
22 35 6.348652
22 36 7.323789
22 37 4.774639
22 38 7.370290
22 39 10.708384
22 40 12.741504
22 41 12.287810
22 42 13.592345
22 43 13.203896
22 44 12.467257
22 45 12.529952
22 46 7.406159
22 47 11.859584
22 48 9.531500
22 49 14.031893
22 50 14.873947
22 51 17.555884
22 52 16.778668
22 53 13.244846
22 54 12.870808
22 55 9.815044
22 56 12.753666
22 57 12.501570
22 58 15.361095
22 59 15.901740
22 60 13.315995
22 61 15.416146
22 62 11.867014
22 63 13.076217
22 64 12.350641
22 65 9.760214
22 66 6.943484
22 67 7.928766
22 68 8.876904
22 69 3.426883
22 70 3.617010
22 71 6.685421
22 72 7.802200
22 73 3.236539
22 74 2.597388
22 75 8.278182
22 76 6.699059
22 77 10.471310
22 78 10.858813
22 79 12.152970
22 80 9.154508
22 81 7.606272
22 82 9.589703
22 83 9.832602
22 84 4.193445
22 85 5.988887
22 86 10.433648
22 87 11.430696
22 88 6.420654
22 89 9.463746
22 90 14.209497
22 91 20.857124
22 92 23.139619
22 93 22.690549
22 94 25.442411
22 95 24.824730
22 96 28.632591
23 24 1.315814
23 25 3.206247
23 26 6.551150
23 27 9.609841
23 28 12.077210
23 29 15.042568
23 30 13.881925
23 31 10.857907
23 32 7.499148
23 33 5.718520
23 34 3.669796
23 35 3.461315
23 36 5.590320
23 37 3.500434
23 38 6.351329
23 39 9.342662
23 40 11.787879
23 41 10.597693
23 42 11.375867
23 43 10.101296
23 44 8.517315
23 45 8.573706
23 46 4.047730
23 47 7.544051
23 48 6.235569
23 49 10.862038
23 50 12.513551
23 51 15.567811
23 52 15.663553
23 53 13.269879
23 54 10.647153
23 55 7.640371
23 56 9.229097
23 57 9.262175
23 58 11.502162
23 59 12.374452
23 60 10.849501
23 61 13.005763
23 62 9.208802
23 63 11.211630
23 64 11.274587
23 65 10.640002
23 66 10.376070
23 67 12.326065
23 68 10.702816
23 69 3.833167
23 70 9.330152
23 71 11.535410
23 72 9.890862
23 73 4.342003
23 74 9.791296
23 75 12.440734
23 76 14.522207
23 77 20.062723
23 78 15.998289
23 79 21.477755
23 80 20.044268
23 81 14.403055
23 82 16.873240
23 83 20.568488
23 84 12.734073
23 85 12.016942
23 86 17.331818
23 87 20.022352
23 88 10.321336
23 89 12.730876
23 90 22.546998
23 91 23.658574
23 92 26.118820
23 93 25.672325
23 94 28.541356
23 95 27.826197
23 96 31.602750
24 25 1.327391
24 26 3.850323
24 27 7.355152
24 28 9.664779
24 29 12.951172
24 30 13.318505
24 31 9.942216
24 32 7.051822
24 33 3.695268
24 34 2.745951
24 35 4.597288
24 36 7.466887
24 37 7.596726
24 38 10.628475
24 39 12.005271
24 40 14.040591
24 41 11.254609
24 42 10.664347
24 43 10.233976
24 44 7.496930
24 45 9.065232
24 46 6.759229
24 47 8.985036
24 48 8.131011
24 49 12.100752
24 50 12.709124
24 51 16.103579
24 52 17.574652
24 53 15.099818
24 54 13.180312
24 55 11.308613
24 56 11.355464
24 57 12.078677
24 58 13.277798
24 59 14.316493
24 60 14.687840
24 61 16.451727
24 62 14.249724
24 63 15.378854
24 64 15.533139
24 65 15.227451
24 66 14.350982
24 67 16.424593
24 68 15.668820
24 69 8.413753
24 70 13.011207
24 71 15.914831
24 72 14.604779
24 73 8.742204
24 74 13.292757
24 75 16.980936
24 76 21.376985
24 77 23.803385
24 78 22.760294
24 79 25.036861
24 80 23.364023
24 81 20.380929
24 82 22.152848
24 83 23.463761
24 84 16.213669
24 85 15.430635
24 86 22.812217
24 87 22.066854
24 88 12.881286
24 89 21.172066
24 90 24.535484
24 91 26.133667
24 92 28.881291
24 93 28.741626
24 94 31.783643
24 95 31.268123
24 96 35.042529
25 26 1.322902
25 27 4.142429
25 28 6.931413
25 29 10.217150
25 30 9.704047
25 31 7.211003
25 32 3.761567
25 33 3.430494
25 34 3.746832
25 35 6.208944
25 36 7.906616
25 37 7.771186
25 38 10.100514
25 39 12.743142
25 40 15.069712
25 41 13.032670
25 42 12.873642
25 43 11.505392
25 44 8.814219
25 45 8.737681
25 46 4.307948
25 47 5.925937
25 48 4.022730
25 49 7.719832
25 50 8.146228
25 51 11.249165
25 52 12.655855
25 53 10.014605
25 54 8.734338
25 55 7.604497
25 56 8.602495
25 57 10.312349
25 58 11.340325
25 59 13.249112
25 60 13.420769
25 61 14.529032
25 62 11.887629
25 63 12.227843
25 64 11.456639
25 65 11.556601
25 66 10.442854
25 67 12.899990
25 68 13.391542
25 69 7.586048
25 70 11.714616
25 71 14.743727
25 72 13.717927
25 73 10.425634
25 74 14.462345
25 75 21.029053
25 76 22.787478
25 77 24.248817
25 78 22.666731
25 79 25.013825
25 80 24.348838
25 81 20.761443
25 82 22.037311
25 83 24.050121
25 84 20.697324
25 85 13.028582
25 86 22.752771
25 87 22.385869
25 88 10.686944
25 89 20.964470
25 90 24.225576
25 91 25.723350
25 92 28.606974
25 93 28.516724
25 94 31.734406
25 95 31.277676
25 96 34.968674
26 27 1.329627
26 28 3.341958
26 29 6.550469
26 30 7.624850
26 31 4.105027
26 32 3.184948
26 33 2.787167
26 34 5.114496
26 35 7.003526
26 36 10.528266
26 37 11.670612
26 38 14.695808
26 39 15.018262
26 40 15.988189
26 41 12.261354
26 42 10.171332
26 43 9.438785
26 44 6.111378
26 45 9.422335
26 46 7.019234
26 47 7.011951
26 48 7.120612
26 49 9.328435
26 50 8.756976
26 51 12.397512
26 52 14.183891
26 53 13.836068
26 54 11.695232
26 55 11.813606
26 56 11.365945
26 57 13.132724
26 58 11.750347
26 59 14.826354
26 60 16.896647
26 61 17.514749
26 62 15.464587
26 63 16.301772
26 64 15.531985
26 65 16.590085
26 66 16.095583
26 67 20.694421
26 68 20.646125
26 69 12.252420
26 70 17.039308
26 71 22.238634
26 72 20.742098
26 73 14.234341
26 74 22.076042
26 75 24.533828
26 76 26.388311
26 77 27.699651
26 78 25.976683
26 79 28.408877
26 80 27.798082
26 81 24.343982
26 82 25.446055
26 83 27.216761
26 84 23.894214
26 85 22.281418
26 86 25.491974
26 87 25.108344
26 88 21.717257
26 89 23.256327
26 90 26.407119
26 91 28.610951
26 92 31.675769
26 93 31.785761
26 94 35.089641
26 95 34.681887
26 96 38.321345
27 28 1.314240
27 29 2.777588
27 30 3.740713
27 31 3.423511
27 32 3.067815
27 33 4.930680
27 34 7.588668
27 35 10.555421
27 36 13.562860
27 37 14.684996
27 38 17.309009
27 39 20.810749
27 40 20.723810
27 41 16.153013
27 42 15.542369
27 43 13.435623
27 44 9.876028
27 45 12.139100
27 46 9.179812
27 47 7.946950
27 48 7.048748
27 49 7.315393
27 50 3.764632
27 51 6.502036
27 52 9.240946
27 53 8.805356
27 54 11.137216
27 55 13.134007
27 56 13.181118
27 57 15.340089
27 58 13.001608
27 59 16.809887
27 60 20.591335
27 61 20.120754
27 62 17.586672
27 63 17.858011
27 64 15.507819
27 65 16.379727
27 66 15.709497
27 67 21.155323
27 68 21.333447
27 69 14.995654
27 70 20.479172
27 71 23.626737
27 72 22.454090
27 73 21.020061
27 74 24.209793
27 75 26.592513
27 76 28.075875
27 77 28.947681
27 78 26.792507
27 79 29.090359
27 80 29.059712
27 81 25.409280
27 82 25.989704
27 83 28.073021
27 84 24.953684
27 85 22.786416
27 86 25.763828
27 87 25.686738
27 88 22.087698
27 89 23.109190
27 90 26.341443
27 91 28.483308
27 92 31.693284
27 93 31.893508
27 94 35.339184
27 95 35.111154
27 96 38.628616
28 29 1.324005
28 30 3.069678
28 31 2.780847
28 32 4.194699
28 33 2.956411
28 34 6.874957
28 35 9.973526
28 36 11.970217
28 37 14.400404
28 38 20.443882
28 39 20.555611
28 40 20.365362
28 41 13.006537
28 42 12.382866
28 43 9.872366
28 44 7.062198
28 45 8.103730
28 46 6.988561
28 47 3.838354
28 48 6.747543
28 49 8.218481
28 50 7.328383
28 51 9.980758
28 52 11.783246
28 53 12.902165
28 54 11.236016
28 55 11.617203
28 56 9.985231
28 57 11.761577
28 58 8.147625
28 59 12.496346
28 60 15.620673
28 61 15.811525
28 62 14.549651
28 63 15.616541
28 64 15.363274
28 65 17.275370
28 66 17.476650
28 67 22.689806
28 68 22.365414
28 69 15.070746
28 70 22.249910
28 71 25.031492
28 72 23.534077
28 73 22.550090
28 74 26.002992
28 75 27.968955
28 76 29.572865
28 77 30.220226
28 78 28.000806
28 79 30.580554
28 80 31.013446
28 81 27.267193
28 82 27.855219
28 83 30.687155
28 84 27.801927
28 85 25.546355
28 86 28.585237
28 87 28.766109
28 88 25.194091
28 89 26.075357
28 90 29.434880
28 91 31.065424
28 92 34.048902
28 93 33.986893
28 94 37.341796
28 95 36.863435
28 96 40.278589
29 30 1.320358
29 31 3.235982
29 32 6.138556
29 33 5.515688
29 34 10.892739
29 35 14.268985
29 36 16.605790
29 37 21.413657
29 38 23.329435
29 39 23.526469
29 40 23.623686
29 41 21.396755
29 42 20.700672
29 43 14.380632
29 44 11.994418
29 45 13.254093
29 46 11.282880
29 47 7.687351
29 48 7.990974
29 49 8.986484
29 50 6.710661
29 51 9.167526
29 52 11.567519
29 53 12.757021
29 54 12.547271
29 55 14.076783
29 56 13.770308
29 57 15.957343
29 58 12.633009
29 59 17.163626
29 60 21.651442
29 61 20.528408
29 62 21.051736
29 63 18.650557
29 64 17.243245
29 65 18.733513
29 66 20.072967
29 67 23.865851
29 68 23.758899
29 69 21.534693
29 70 24.211508
29 71 26.937476
29 72 25.758908
29 73 25.099795
29 74 28.474037
29 75 30.379822
29 76 31.645199
29 77 31.913521
29 78 29.355146
29 79 31.759265
29 80 32.559956
29 81 28.837589
29 82 28.961120
29 83 31.480492
29 84 28.788134
29 85 26.136513
29 86 28.891433
29 87 29.333846
29 88 25.685353
29 89 26.068714
29 90 29.458729
29 91 31.287144
29 92 34.490199
29 93 34.584557
29 94 38.020384
29 95 37.713621
29 96 40.973690
30 31 1.321216
30 32 4.455937
30 33 6.152853
30 34 11.270798
30 35 14.887037
30 36 16.630830
30 37 20.945882
30 38 22.696256
30 39 23.674860
30 40 24.348460
30 41 22.597719
30 42 22.470336
30 43 16.671146
30 44 13.670318
30 45 13.379504
30 46 10.637582
30 47 7.372989
30 48 4.813590
30 49 4.880159
30 50 3.073926
30 51 4.310926
30 52 7.307833
30 53 8.768724
30 54 8.699842
30 55 10.655223
30 56 11.475440
30 57 14.192177
30 58 11.596424
30 59 17.092908
30 60 21.589716
30 61 18.353037
30 62 15.878968
30 63 15.425160
30 64 13.332835
30 65 14.766737
30 66 14.656270
30 67 21.183622
30 68 21.412740
30 69 15.783694
30 70 22.176826
30 71 24.901128
30 72 24.178445
30 73 23.635440
30 74 26.782377
30 75 28.848079
30 76 29.624089
30 77 29.675067
30 78 26.860630
30 79 29.019781
30 80 29.857412
30 81 26.118565
30 82 26.110276
30 83 28.490719
30 84 25.986382
30 85 23.093666
30 86 25.661369
30 87 26.298490
30 88 22.666333
30 89 22.732363
30 90 26.147701
30 91 27.850255
30 92 31.179152
30 93 31.343424
30 94 34.815157
30 95 34.649409
30 96 37.818519
31 32 1.331009
31 33 3.590781
31 34 7.826897
31 35 11.452722
31 36 13.428270
31 37 14.165612
31 38 15.277663
31 39 15.653996
31 40 20.742807
31 41 16.098862
31 42 16.979240
31 43 13.818854
31 44 10.547279
31 45 9.852231
31 46 7.468454
31 47 4.002966
31 48 3.141488
31 49 3.331939
31 50 3.842348
31 51 5.227558
31 52 6.433581
31 53 7.712929
31 54 6.800731
31 55 8.373216
31 56 8.753417
31 57 11.035556
31 58 7.731367
31 59 13.542824
31 60 15.791832
31 61 14.852041
31 62 12.853412
31 63 12.790137
31 64 11.291089
31 65 13.107439
31 66 13.580411
31 67 16.376627
31 68 16.726685
31 69 13.750160
31 70 17.456647
31 71 21.606173
31 72 20.622814
31 73 20.140006
31 74 23.423837
31 75 25.305563
31 76 26.364551
31 77 26.510441
31 78 23.906657
31 79 26.318051
31 80 27.165989
31 81 23.475704
31 82 23.613418
31 83 26.351043
31 84 23.760123
31 85 21.121808
31 86 24.061415
31 87 24.758060
31 88 21.278113
31 89 21.719927
31 90 25.295651
31 91 26.793724
31 92 29.641569
31 93 29.479052
31 94 32.825738
31 95 32.372965
31 96 35.655047
32 33 1.322822
32 34 4.563125
32 35 8.096809
32 36 9.617478
32 37 10.444034
32 38 12.075434
32 39 12.661436
32 40 16.157070
32 41 13.189278
32 42 13.992463
32 43 11.012167
32 44 7.882527
32 45 7.298905
32 46 3.876804
32 47 3.121772
32 48 2.709106
32 49 5.103046
32 50 3.867328
32 51 7.636755
32 52 9.760395
32 53 8.086494
32 54 7.394912
32 55 7.357702
32 56 6.874228
32 57 9.004081
32 58 8.134931
32 59 11.511290
32 60 13.466665
32 61 13.561289
32 62 11.093537
32 63 11.639258
32 64 11.209168
32 65 12.816220
32 66 12.220158
32 67 15.065227
32 68 15.130734
32 69 10.651735
32 70 14.964929
32 71 17.533922
32 72 14.975683
32 73 13.961655
32 74 20.920635
32 75 22.992661
32 76 24.387857
32 77 25.032733
32 78 22.816804
32 79 25.315890
32 80 25.657804
32 81 21.897909
32 82 22.542412
32 83 25.103564
32 84 22.183251
32 85 20.018819
32 86 23.223492
32 87 23.508024
32 88 20.091764
32 89 21.179172
32 90 24.675319
32 91 26.204366
32 92 29.057023
32 93 28.846255
32 94 32.143596
32 95 31.614621
32 96 35.088282
33 34 1.328049
33 35 4.796808
33 36 7.351770
33 37 9.146553
33 38 12.089564
33 39 11.249463
33 40 13.657640
33 41 10.057315
33 42 9.336077
33 43 6.400832
33 44 3.808446
33 45 5.532837
33 46 3.190669
33 47 2.991895
33 48 4.858147
33 49 7.526878
33 50 8.098678
33 51 11.208671
33 52 11.199259
33 53 12.650060
33 54 9.515709
33 55 9.071622
33 56 6.841754
33 57 8.613545
33 58 5.356094
33 59 10.234950
33 60 12.476906
33 61 13.022697
33 62 11.512845
33 63 12.631039
33 64 13.105504
33 65 14.409954
33 66 14.584037
33 67 16.916917
33 68 16.198066
33 69 10.458866
33 70 15.662918
33 71 18.111942
33 72 15.506474
33 73 13.083268
33 74 18.050420
33 75 21.718092
33 76 23.626464
33 77 24.570934
33 78 22.786271
33 79 25.654432
33 80 25.760437
33 81 22.119125
33 82 23.331542
33 83 26.146098
33 84 23.334364
33 85 21.615416
33 86 25.100303
33 87 25.369324
33 88 22.209635
33 89 23.627434
33 90 27.136077
33 91 28.173821
33 92 30.789831
33 93 30.225907
33 94 33.299875
33 95 32.404213
33 96 35.922817
34 35 1.330249
34 36 3.725431
34 37 5.736047
34 38 8.859385
34 39 7.639141
34 40 9.807404
34 41 7.014871
34 42 7.583547
34 43 5.395291
34 44 3.314420
34 45 3.281323
34 46 2.933008
34 47 5.147141
34 48 6.077723
34 49 9.742674
34 50 11.212101
34 51 14.565158
34 52 15.366264
34 53 14.019395
34 54 10.810364
34 55 8.464008
34 56 7.144752
34 57 6.764099
34 58 7.765771
34 59 8.452295
34 60 9.929540
34 61 11.283137
34 62 10.096628
34 63 12.260918
34 64 12.636963
34 65 12.897643
34 66 13.248220
34 67 15.162473
34 68 13.637944
34 69 7.155326
34 70 12.663765
34 71 14.951302
34 72 12.695270
34 73 9.214901
34 74 14.362447
34 75 16.480522
34 76 22.234112
34 77 23.702385
34 78 22.464867
34 79 25.421687
34 80 25.024330
34 81 21.501858
34 82 23.279375
34 83 25.809536
34 84 22.943421
34 85 21.729798
34 86 25.251154
34 87 25.555087
34 88 22.675179
34 89 24.399143
34 90 27.772987
34 91 28.734455
34 92 31.205727
34 93 30.498142
34 94 33.393886
34 95 32.337080
34 96 35.954493
35 36 1.324143
35 37 3.318203
35 38 6.097708
35 39 5.814119
35 40 7.439310
35 41 3.915773
35 42 3.343680
35 43 3.721695
35 44 3.457868
35 45 4.736068
35 46 3.895924
35 47 7.215638
35 48 8.272688
35 49 12.491196
35 50 14.548661
35 51 20.013221
35 52 17.838206
35 53 15.732867
35 54 12.534440
35 55 8.673391
35 56 8.380945
35 57 6.594316
35 58 8.985940
35 59 8.918767
35 60 9.020231
35 61 11.088660
35 62 9.230733
35 63 11.581201
35 64 13.306552
35 65 14.069882
35 66 14.506405
35 67 16.053751
35 68 13.677363
35 69 7.563551
35 70 13.177704
35 71 14.787934
35 72 11.962279
35 73 8.006976
35 74 13.359563
35 75 15.310378
35 76 21.310686
35 77 23.028216
35 78 22.309802
35 79 25.522338
35 80 24.918607
35 81 21.692072
35 82 23.949720
35 83 26.382755
35 84 23.376389
35 85 22.737344
35 86 26.518216
35 87 26.586093
35 88 24.117100
35 89 26.116329
35 90 29.432256
35 91 30.445113
35 92 32.597174
35 93 31.523138
35 94 34.117472
35 95 32.695479
35 96 36.273373
36 37 1.327043
36 38 3.250997
36 39 3.020009
36 40 5.142061
36 41 5.518759
36 42 7.585916
36 43 5.427236
36 44 5.311267
36 45 3.974973
36 46 3.693985
36 47 7.069968
36 48 9.125689
36 49 12.923376
36 50 15.704385
36 51 18.382922
36 52 17.196483
36 53 15.289859
36 54 11.961647
36 55 6.291726
36 56 6.866572
36 57 3.588876
36 58 6.669498
36 59 6.352492
36 60 4.085674
36 61 6.890871
36 62 4.561037
36 63 7.660345
36 64 10.476437
36 65 12.408302
36 66 13.597559
36 67 14.091540
36 68 11.061673
36 69 7.422101
36 70 12.037004
36 71 12.461959
36 72 8.267104
36 73 7.064351
36 74 12.086044
36 75 13.486602
36 76 15.479139
36 77 17.696322
36 78 16.489710
36 79 22.554746
36 80 22.065638
36 81 16.617050
36 82 21.469322
36 83 24.069468
36 84 21.542314
36 85 20.962513
36 86 24.754579
36 87 25.248593
36 88 23.098240
36 89 25.084384
36 90 28.416505
36 91 28.867986
36 92 30.677110
36 93 29.238477
36 94 31.593084
36 95 29.882197
36 96 33.366445
37 38 1.315434
37 39 3.685079
37 40 6.317294
37 41 7.649965
37 42 9.990361
37 43 8.681840
37 44 8.854844
37 45 7.342388
37 46 3.732999
37 47 8.056694
37 48 8.434640
37 49 12.634160
37 50 15.309882
37 51 21.433786
37 52 20.201076
37 53 14.671189
37 54 11.760929
37 55 6.660808
37 56 8.258873
37 57 6.646934
37 58 9.647381
37 59 9.684625
37 60 7.137582
37 61 10.159760
37 62 6.517163
37 63 9.339414
37 64 11.257659
37 65 11.185975
37 66 11.146590
37 67 12.036965
37 68 9.574229
37 69 4.248605
37 70 9.153862
37 71 10.106274
37 72 7.267091
37 73 3.579074
37 74 8.802131
37 75 10.152634
37 76 12.713374
37 77 15.508829
37 78 15.335303
37 79 20.767775
37 80 17.085224
37 81 13.847948
37 82 16.732975
37 83 22.011116
37 84 13.712279
37 85 14.351708
37 86 23.146417
37 87 23.387067
37 88 21.681790
37 89 23.907333
37 90 27.060273
37 91 27.556249
37 92 29.146229
37 93 27.609549
37 94 29.747036
37 95 27.973295
37 96 31.507105
38 39 1.321721
38 40 4.534409
38 41 7.333413
38 42 10.728621
38 43 10.167170
38 44 10.801824
38 45 8.226163
38 46 3.994476
38 47 8.940408
38 48 8.944327
38 49 12.297552
38 50 14.998637
38 51 22.363036
38 52 20.511128
38 53 12.429064
38 54 10.018528
38 55 3.711725
38 56 7.645753
38 57 5.900095
38 58 9.339984
38 59 7.901871
38 60 4.094165
38 61 7.366027
38 62 3.817679
38 63 6.083702
38 64 7.992117
38 65 8.149785
38 66 8.549968
38 67 8.390366
38 68 5.562082
38 69 3.646933
38 70 6.229177
38 71 6.548972
38 72 3.656616
38 73 3.674974
38 74 6.035888
38 75 7.215985
38 76 9.344976
38 77 11.974058
38 78 11.781561
38 79 14.315515
38 80 13.921879
38 81 10.654334
38 82 13.613751
38 83 21.948926
38 84 12.386588
38 85 12.402781
38 86 23.709749
38 87 24.328060
38 88 22.994056
38 89 24.937482
38 90 28.118459
38 91 28.232694
38 92 29.415484
38 93 27.432173
38 94 29.233636
38 95 27.041813
38 96 30.365685
39 40 1.324618
39 41 2.509447
39 42 6.540429
39 43 5.890270
39 44 6.967810
39 45 3.285891
39 46 6.212462
39 47 8.840339
39 48 12.295115
39 49 15.189758
39 50 21.998823
39 51 24.346255
39 52 22.343232
39 53 20.953663
39 54 14.455745
39 55 9.152122
39 56 8.210745
39 57 3.182208
39 58 5.444047
39 59 3.395302
39 60 3.395162
39 61 5.835815
39 62 6.271417
39 63 9.567253
39 64 12.567482
39 65 14.869177
39 66 15.746913
39 67 15.488990
39 68 12.339368
39 69 9.660032
39 70 13.481510
39 71 12.881950
39 72 9.315742
39 73 7.940781
39 74 11.865475
39 75 12.790611
39 76 15.126269
39 77 17.788653
39 78 17.844782
39 79 23.166045
39 80 22.611542
39 81 20.365596
39 82 23.203308
39 83 25.709933
39 84 23.650620
39 85 23.717145
39 86 27.422308
39 87 28.119787
39 88 26.667780
39 89 28.576735
39 90 31.822632
39 91 31.864929
39 92 33.098180
39 93 31.087108
39 94 32.868756
39 95 30.575801
39 96 33.803606
40 41 1.323268
40 42 4.451059
40 43 6.683606
40 44 8.678089
40 45 7.345017
40 46 9.786353
40 47 12.951615
40 48 15.894883
40 49 20.864742
40 50 23.862470
40 51 26.201068
40 52 24.595266
40 53 23.483714
40 54 20.254181
40 55 12.428180
40 56 12.595002
40 57 7.729127
40 58 10.003708
40 59 6.786583
40 60 6.420375
40 61 9.792180
40 62 9.730894
40 63 12.999869
40 64 16.333321
40 65 20.872655
40 66 20.832037
40 67 21.859800
40 68 15.849452
40 69 12.827198
40 70 16.844640
40 71 16.232449
40 72 12.614160
40 73 11.068043
40 74 14.974896
40 75 15.555426
40 76 20.848933
40 77 22.736365
40 78 23.052088
40 79 26.605985
40 80 25.819305
40 81 23.446033
40 82 26.348178
40 83 28.705457
40 84 26.382289
40 85 26.474825
40 86 30.164969
40 87 30.688884
40 88 29.092442
40 89 31.085219
40 90 34.425805
40 91 34.578255
40 92 36.029299
40 93 34.226556
40 94 36.129629
40 95 33.975035
40 96 37.290380
41 42 1.312548
41 43 2.852802
41 44 4.663040
41 45 3.696848
41 46 6.788846
41 47 9.376604
41 48 13.498072
41 49 20.029340
41 50 23.204568
41 51 25.373763
41 52 24.069281
41 53 23.429955
41 54 20.350399
41 55 12.820034
41 56 10.075795
41 57 5.626822
41 58 5.537130
41 59 3.638426
41 60 5.364265
41 61 8.044262
41 62 9.965487
41 63 12.930646
41 64 15.825997
41 65 21.758291
41 66 21.943391
41 67 23.665158
41 68 20.949253
41 69 13.702050
41 70 20.503226
41 71 21.259645
41 72 14.710713
41 73 12.911496
41 74 17.443145
41 75 20.572200
41 76 23.849724
41 77 25.499062
41 78 25.378058
41 79 28.973424
41 80 28.460093
41 81 25.808711
41 82 28.417132
41 83 30.995265
41 84 28.452493
41 85 28.270690
41 86 31.999263
41 87 32.421260
41 88 30.439669
41 89 32.451883
41 90 35.764228
41 91 36.178558
41 92 37.887441
41 93 36.269290
41 94 38.411072
41 95 36.403858
41 96 39.746080
42 43 1.304576
42 44 3.894747
42 45 5.943625
42 46 9.143606
42 47 10.882558
42 48 15.358043
42 49 21.092037
42 50 24.091487
42 51 26.392810
42 52 25.588026
42 53 25.008708
42 54 22.312241
42 55 16.101263
42 56 13.646425
42 57 9.757255
42 58 9.624633
42 59 8.388392
42 60 10.181248
42 61 12.886396
42 62 14.045750
42 63 17.182930
42 64 22.020414
42 65 23.982189
42 66 24.128679
42 67 25.880814
42 68 23.327191
42 69 20.447480
42 70 22.510997
42 71 23.893361
42 72 20.500908
42 73 15.506951
42 74 21.752435
42 75 23.322575
42 76 26.551345
42 77 28.707143
42 78 28.466965
42 79 31.962879
42 80 30.945387
42 81 28.362470
42 82 31.027432
42 83 32.908548
42 84 29.996506
42 85 29.747178
42 86 33.557380
42 87 33.586994
42 88 31.331083
42 89 33.504106
42 90 36.751041
42 91 37.999966
42 92 40.142384
42 93 38.793789
42 94 41.129575
42 95 39.335733
42 96 42.775393
43 44 1.319656
43 45 2.820030
43 46 5.628375
43 47 6.791110
43 48 12.053629
43 49 15.276711
43 50 21.010606
43 51 23.155293
43 52 22.605184
43 53 22.378198
43 54 15.922391
43 55 13.028340
43 56 9.922927
43 57 7.122133
43 58 6.426541
43 59 6.744167
43 60 8.638428
43 61 10.887029
43 62 11.949562
43 63 14.423824
43 64 20.358131
43 65 22.274682
43 66 22.375734
43 67 24.852030
43 68 22.801923
43 69 14.009586
43 70 22.217092
43 71 23.738916
43 72 20.565104
43 73 14.459144
43 74 22.648014
43 75 24.056123
43 76 27.035376
43 77 28.523077
43 78 27.786738
43 79 31.231833
43 80 30.925472
43 81 27.815027
43 82 29.973193
43 83 32.679142
43 84 29.853281
43 85 29.142832
43 86 32.839071
43 87 33.155428
43 88 30.622219
43 89 32.449198
43 90 35.846997
43 91 36.583387
43 92 38.754223
43 93 37.590768
43 94 40.154490
43 95 38.558857
43 96 42.011605
44 45 1.328439
44 46 3.667379
44 47 4.169200
44 48 9.453361
44 49 12.610844
44 50 14.488093
44 51 17.399385
44 52 16.318771
44 53 17.356630
44 54 13.571348
44 55 11.649288
44 56 8.100073
44 57 6.791882
44 58 4.045917
44 59 6.998936
44 60 9.126448
44 61 10.827581
44 62 11.344853
44 63 13.542350
44 64 15.142619
44 65 17.261813
44 66 18.405317
44 67 21.508246
44 68 18.106639
44 69 12.752933
44 70 18.176014
44 71 20.967299
44 72 15.777170
44 73 14.420511
44 74 20.771163
44 75 21.928657
44 76 24.621785
44 77 25.980512
44 78 24.944587
44 79 28.256079
44 80 28.042269
44 81 24.753212
44 82 26.697016
44 83 29.441720
44 84 26.965846
44 85 25.788580
44 86 29.325221
44 87 30.035838
44 88 27.352142
44 89 28.878515
44 90 32.455151
44 91 32.937826
44 92 35.206868
44 93 34.181151
44 94 36.882471
44 95 35.470615
44 96 38.965711
45 46 1.324942
45 47 3.412852
45 48 7.356270
45 49 10.116719
45 50 13.027588
45 51 15.251185
45 52 13.176151
45 53 14.050809
45 54 10.316081
45 55 7.818415
45 56 3.778473
45 57 3.119954
45 58 2.630819
45 59 3.584695
45 60 5.253427
45 61 6.992316
45 62 7.056605
45 63 9.279140
45 64 10.985767
45 65 13.954084
45 66 15.329524
45 67 17.330269
45 68 14.041795
45 69 10.890539
45 70 15.783988
45 71 17.465422
45 72 12.592036
45 73 12.578919
45 74 17.322810
45 75 21.008659
45 76 23.444345
45 77 24.314455
45 78 23.049426
45 79 26.508615
45 80 26.737405
45 81 23.565417
45 82 25.303017
45 83 28.360533
45 84 26.112482
45 85 24.864847
45 86 28.449483
45 87 29.387504
45 88 26.823090
45 89 28.103315
45 90 31.714679
45 91 32.025961
45 92 34.086681
45 93 32.805748
45 94 35.399582
45 95 33.796896
45 96 37.134545
46 47 1.310426
46 48 3.689439
46 49 7.621853
46 50 10.055253
46 51 12.989663
46 52 12.384460
46 53 10.296452
46 54 7.190802
46 55 3.346609
46 56 3.462546
46 57 3.999277
46 58 4.708266
46 59 5.651656
46 60 6.465051
46 61 7.931882
46 62 4.488822
46 63 6.631978
46 64 7.495904
46 65 7.818171
46 66 8.950078
46 67 10.604730
46 68 8.420791
46 69 3.708079
46 70 8.423548
46 71 10.522575
46 72 6.960596
46 73 6.918927
46 74 11.243732
46 75 12.930716
46 76 20.401256
46 77 21.186728
46 78 13.290828
46 79 23.037646
46 80 23.283076
46 81 13.481266
46 82 21.604672
46 83 24.662422
46 84 22.536740
46 85 21.144910
46 86 24.644092
46 87 25.699115
46 88 23.112285
46 89 24.334386
46 90 27.958533
46 91 28.216203
46 92 30.281167
46 93 29.052572
46 94 31.713930
46 95 30.236214
46 96 33.628086
47 48 1.326339
47 49 4.176130
47 50 7.243257
47 51 9.605147
47 52 8.783880
47 53 8.005064
47 54 4.224654
47 55 3.074946
47 56 2.779175
47 57 4.749726
47 58 3.806247
47 59 7.045805
47 60 9.214742
47 61 9.205295
47 62 6.770229
47 63 7.059075
47 64 6.994621
47 65 9.075992
47 66 9.849349
47 67 12.248068
47 68 11.246701
47 69 8.049900
47 70 12.013387
47 71 14.286369
47 72 10.973504
47 73 12.014429
47 74 15.759799
47 75 20.054611
47 76 21.624951
47 77 21.991788
47 78 14.839496
47 79 22.963494
47 80 23.592121
47 81 20.108798
47 82 21.088239
47 83 24.293181
47 84 22.083952
47 85 20.116566
47 86 23.610173
47 87 24.617338
47 88 21.699651
47 89 22.524636
47 90 26.227528
47 91 26.700245
47 92 28.998662
47 93 28.062836
47 94 30.979478
47 95 29.824311
47 96 33.166726
48 49 1.319923
48 50 3.324621
48 51 6.371025
48 52 6.975124
48 53 6.047352
48 54 3.662191
48 55 4.049318
48 56 4.991541
48 57 7.300167
48 58 7.232554
48 59 10.971008
48 60 12.402929
48 61 11.745833
48 62 9.003074
48 63 9.000236
48 64 7.205956
48 65 8.248859
48 66 7.928768
48 67 10.420471
48 68 10.841606
48 69 6.726455
48 70 10.506207
48 71 13.127711
48 72 11.451714
48 73 10.765283
48 74 14.540091
48 75 16.693055
48 76 20.675188
48 77 20.815834
48 78 14.338128
48 79 20.977217
48 80 21.741837
48 81 15.362709
48 82 16.759674
48 83 21.769975
48 84 16.099760
48 85 11.890797
48 86 20.445721
48 87 21.472086
48 88 11.920282
48 89 11.133808
48 90 22.747645
48 91 23.327561
48 92 25.791958
48 93 25.128256
48 94 28.244208
48 95 27.427279
48 96 30.781730
49 50 1.324553
49 51 3.169029
49 52 2.911601
49 53 2.681046
49 54 2.905357
49 55 4.856617
49 56 6.106495
49 57 9.174787
49 58 8.578867
49 59 13.412150
49 60 14.683506
49 61 12.826191
49 62 10.356373
49 63 9.741144
49 64 7.594762
49 65 8.434603
49 66 8.740270
49 67 11.520571
49 68 12.785748
49 69 10.416388
49 70 13.489881
49 71 15.953851
49 72 13.931818
49 73 14.910556
49 74 20.819549
49 75 22.559490
49 76 23.085782
49 77 22.756627
49 78 14.053459
49 79 22.183648
49 80 23.446832
49 81 17.263808
49 82 17.918264
49 83 22.711616
49 84 20.539279
49 85 13.391390
49 86 20.510985
49 87 21.789592
49 88 14.358261
49 89 16.103233
49 90 22.325978
49 91 23.323052
49 92 25.939872
49 93 25.486405
49 94 28.716409
49 95 28.134957
49 96 31.280772
50 51 1.328276
50 52 3.413082
50 53 2.873478
50 54 5.302783
50 55 7.504109
50 56 9.415601
50 57 12.549196
50 58 11.607166
50 59 16.620703
50 60 20.327456
50 61 16.026430
50 62 13.628479
50 63 12.647269
50 64 9.579618
50 65 10.188730
50 66 10.198571
50 67 12.859665
50 68 14.616209
50 69 12.341514
50 70 14.997361
50 71 17.702325
50 72 16.658351
50 73 17.020675
50 74 21.477549
50 75 23.529879
50 76 23.496758
50 77 23.531576
50 78 20.430298
50 79 22.185886
50 80 22.995360
50 81 17.621595
50 82 18.445135
50 83 21.388971
50 84 17.414676
50 85 13.711376
50 86 17.091596
50 87 17.970129
50 88 14.160715
50 89 11.978742
50 90 17.318798
50 91 20.803284
50 92 24.010562
50 93 24.065633
50 94 27.526309
50 95 27.444487
50 96 30.568228
51 52 1.328958
51 53 3.377517
51 54 5.947663
51 55 9.103109
51 56 11.032355
51 57 14.242433
51 58 11.977395
51 59 20.745907
51 60 21.568369
51 61 16.808383
51 62 15.123314
51 63 13.509385
51 64 10.322291
51 65 10.391969
51 66 11.308040
51 67 13.795883
51 68 15.317762
51 69 14.235223
51 70 16.732483
51 71 21.248467
51 72 21.491371
51 73 21.540171
51 74 24.249768
51 75 25.921397
51 76 25.738015
51 77 25.122750
51 78 21.765144
51 79 23.438764
51 80 24.991771
51 81 21.306724
51 82 20.740790
51 83 23.280883
51 84 21.552931
51 85 15.294154
51 86 20.160262
51 87 21.678384
51 88 16.178315
51 89 16.154202
51 90 20.974305
51 91 21.906406
51 92 25.146788
51 93 25.115151
51 94 28.465548
51 95 28.361787
51 96 31.180904
52 53 1.327359
52 54 3.223695
52 55 6.663980
52 56 8.149077
52 57 11.475795
52 58 8.213236
52 59 15.118093
52 60 16.368696
52 61 13.031233
52 62 12.093645
52 63 10.117759
52 64 6.847065
52 65 6.363227
52 66 7.897092
52 67 10.361160
52 68 11.361922
52 69 11.583712
52 70 13.713111
52 71 15.747862
52 72 14.972206
52 73 17.171330
52 74 22.475196
52 75 23.666676
52 76 23.515620
52 77 22.365321
52 78 11.289423
52 79 20.891032
52 80 22.940623
52 81 16.301377
52 82 16.468077
52 83 21.902339
52 84 20.523189
52 85 12.675217
52 86 16.740557
52 87 21.364901
52 88 15.580107
52 89 15.229940
52 90 21.100793
52 91 21.435843
52 92 24.144998
52 93 23.562470
52 94 26.651705
52 95 26.126342
52 96 28.860132
53 54 1.321387
53 55 4.639295
53 56 7.960742
53 57 11.329765
53 58 12.316877
53 59 16.493461
53 60 16.201358
53 61 13.194799
53 62 11.148860
53 63 8.259389
53 64 4.406392
53 65 3.815096
53 66 4.518034
53 67 7.237353
53 68 8.443550
53 69 8.220358
53 70 10.361469
53 71 12.526580
53 72 12.178691
53 73 13.749192
53 74 16.107368
53 75 20.600034
53 76 20.267452
53 77 15.568197
53 78 8.921557
53 79 14.975558
53 80 16.000785
53 81 12.731309
53 82 13.455116
53 83 15.047495
53 84 12.641011
53 85 8.813594
53 86 12.253016
53 87 13.549054
53 88 9.969638
53 89 7.891872
53 90 13.245171
53 91 13.260892
53 92 20.972972
53 93 20.448268
53 94 23.661571
53 95 23.242583
53 96 26.220365
54 55 1.319874
54 56 4.442642
54 57 7.829771
54 58 8.610130
54 59 12.989968
54 60 12.852368
54 61 9.657290
54 62 7.903231
54 63 6.004261
54 64 3.078160
54 65 4.419513
54 66 5.656956
54 67 8.476539
54 68 8.414998
54 69 7.601929
54 70 10.517593
54 71 12.698565
54 72 10.556793
54 73 12.977391
54 74 15.522641
54 75 17.309971
54 76 16.560410
54 77 16.199555
54 78 9.418225
54 79 15.413434
54 80 17.580837
54 81 14.111403
54 82 15.023324
54 83 17.413346
54 84 16.207741
54 85 11.449418
54 86 16.157851
54 87 18.164547
54 88 14.093766
54 89 12.389620
54 90 20.486965
54 91 20.358327
54 92 22.284986
54 93 21.178355
54 94 24.075258
54 95 23.071134
54 96 26.114489
55 56 1.320429
55 57 4.494316
55 58 7.155257
55 59 9.761960
55 60 7.120734
55 61 6.519089
55 62 3.757723
55 63 3.183460
55 64 2.787666
55 65 3.239842
55 66 5.166038
55 67 6.430625
55 68 4.180705
55 69 3.326808
55 70 6.050861
55 71 7.708403
55 72 3.985071
55 73 7.331178
55 74 9.927567
55 75 11.450491
55 76 11.061474
55 77 11.811482
55 78 8.184479
55 79 12.774291
55 80 13.770152
55 81 10.088836
55 82 12.062925
55 83 14.792101
55 84 14.184245
55 85 9.923972
55 86 15.451972
55 87 20.926735
55 88 13.284329
55 89 12.984580
55 90 22.665306
55 91 22.494372
55 92 24.432355
55 93 23.187919
55 94 25.968370
55 95 24.699062
55 96 27.927447
56 57 1.328085
56 58 3.539021
56 59 6.036601
56 60 6.264722
56 61 2.612572
56 62 3.312873
56 63 3.979247
56 64 5.065746
56 65 7.678608
56 66 9.324763
56 67 11.622044
56 68 8.245120
56 69 7.736714
56 70 11.437742
56 71 13.373473
56 72 9.209757
56 73 11.822852
56 74 15.076095
56 75 16.792043
56 76 16.801449
56 77 17.544750
56 78 13.236701
56 79 18.383294
56 80 21.055284
56 81 15.852050
56 82 17.694947
56 83 22.503988
56 84 21.125179
56 85 14.832273
56 86 22.665154
56 87 24.373190
56 88 22.074425
56 89 22.549806
56 90 26.302212
56 91 25.960996
56 92 27.660256
56 93 26.101940
56 94 28.608907
56 95 26.958238
56 96 30.046258
57 58 1.326227
57 59 3.031423
57 60 3.415478
57 61 2.783918
57 62 2.648431
57 63 4.811674
57 64 6.704829
57 65 10.019120
57 66 11.978985
57 67 13.742659
57 68 9.588606
57 69 8.915211
57 70 12.738015
57 71 13.929026
57 72 8.741271
57 73 10.484102
57 74 14.494381
57 75 15.902888
57 76 16.897180
57 77 18.271798
57 78 14.901077
57 79 21.831422
57 80 22.496043
57 81 17.142527
57 82 21.125849
57 83 24.438789
57 84 22.960980
57 85 21.587115
57 86 24.971579
57 87 26.571534
57 88 24.303206
57 89 25.295497
57 90 28.975698
57 91 28.619695
57 92 30.281987
57 93 28.622306
57 94 30.986970
57 95 29.138731
57 96 32.303360
58 59 1.319272
58 60 3.335298
58 61 4.445559
58 62 5.634318
58 63 7.801119
58 64 9.983487
58 65 13.197060
58 66 15.116373
58 67 17.057473
58 68 12.592031
58 69 11.823474
58 70 15.952210
58 71 17.184014
58 72 11.889761
58 73 13.930250
58 74 20.327515
58 75 20.832945
58 76 23.013017
58 77 23.181416
58 78 21.708066
58 79 25.311481
58 80 26.141747
58 81 23.291362
58 82 24.742855
58 83 28.134062
58 84 26.660053
58 85 25.227312
58 86 28.589195
58 87 30.279081
58 88 27.907924
58 89 28.837282
58 90 32.524844
58 91 32.079020
58 92 33.778620
58 93 32.122612
58 94 34.475037
58 95 32.574537
58 96 35.621841
59 60 1.318494
59 61 3.728964
59 62 6.187449
59 63 9.059243
59 64 11.814781
59 65 15.284151
59 66 17.258506
59 67 20.438388
59 68 13.561321
59 69 12.886229
59 70 17.138309
59 71 17.267259
59 72 12.335116
59 73 13.729433
59 74 17.483777
59 75 18.559377
59 76 22.409801
59 77 23.015802
59 78 22.144970
59 79 25.877246
59 80 26.287532
59 81 23.640066
59 82 25.605536
59 83 28.768006
59 84 27.391680
59 85 26.368113
59 86 29.690826
59 87 31.365478
59 88 29.257661
59 89 30.536347
59 90 34.092655
59 91 33.547760
59 92 35.097909
59 93 33.272018
59 94 35.418810
59 95 33.305549
59 96 36.399617
60 61 1.324805
60 62 3.281366
60 63 6.398878
60 64 9.956799
60 65 13.046504
60 66 14.921687
60 67 14.453856
60 68 10.107490
60 69 9.930204
60 70 13.095885
60 71 12.895579
60 72 8.067009
60 73 9.873284
60 74 13.195918
60 75 14.096330
60 76 15.712259
60 77 20.148457
60 78 16.125446
60 79 23.346468
60 80 23.825252
60 81 21.548673
60 82 23.636290
60 83 26.778715
60 84 25.252854
60 85 24.539156
60 86 28.178175
60 87 29.560215
60 88 27.956055
60 89 29.084697
60 90 32.613766
60 91 32.269158
60 92 33.453495
60 93 31.304089
60 94 33.146190
60 95 30.761225
60 96 33.715353
61 62 1.327055
61 63 3.419321
61 64 6.334209
61 65 9.791783
61 66 12.766048
61 67 12.617420
61 68 7.067340
61 69 10.250059
61 70 12.708650
61 71 12.929411
61 72 7.863787
61 73 11.917005
61 74 14.638599
61 75 15.332805
61 76 16.068311
61 77 17.100791
61 78 13.913685
61 79 21.717152
61 80 22.756943
61 81 20.440506
61 82 21.998693
61 83 25.420511
61 84 24.115835
61 85 22.975427
61 86 26.437441
61 87 28.232645
61 88 26.629102
61 89 27.290752
61 90 30.894120
61 91 30.381881
61 92 31.530615
61 93 29.376539
61 94 31.286326
61 95 28.974371
61 96 31.798868
62 63 1.319884
62 64 4.728969
62 65 8.091974
62 66 10.583677
62 67 10.619573
62 68 5.313223
62 69 7.052482
62 70 9.711832
62 71 9.103347
62 72 3.532025
62 73 8.509786
62 74 11.212395
62 75 11.531174
62 76 11.447266
62 77 12.972768
62 78 11.064648
62 79 14.822420
62 80 16.267549
62 81 13.021794
62 82 15.554098
62 83 21.689565
62 84 20.292460
62 85 15.190541
62 86 22.799429
62 87 24.488840
62 88 22.997903
62 89 23.822962
62 90 27.355956
62 91 26.989343
62 92 28.042111
62 93 25.840134
62 94 27.727113
62 95 25.434020
62 96 28.380441
63 64 1.319062
63 65 4.514818
63 66 7.493661
63 67 7.410112
63 68 2.878092
63 69 5.418723
63 70 8.294157
63 71 9.249568
63 72 5.499827
63 73 9.409114
63 74 12.056630
63 75 12.845017
63 76 12.101442
63 77 12.494391
63 78 8.401074
63 79 13.326902
63 80 15.451634
63 81 12.243830
63 82 14.014630
63 83 16.835452
63 84 16.501968
63 85 12.129139
63 86 20.505964
63 87 22.473270
63 88 20.752952
63 89 21.129306
63 90 24.773877
63 91 24.295960
63 92 25.524994
63 93 23.545133
63 94 25.718776
63 95 23.749738
63 96 26.707944
64 65 1.331024
64 66 4.451681
64 67 6.160620
64 68 4.066717
64 69 5.372704
64 70 8.125881
64 71 9.606116
64 72 6.648276
64 73 10.840472
64 74 13.354146
64 75 14.362147
64 76 12.607662
64 77 12.536987
64 78 7.109345
64 79 12.738575
64 80 14.561910
64 81 11.118989
64 82 12.316140
64 83 14.965777
64 84 15.231602
64 85 10.036923
64 86 15.526889
64 87 20.264603
64 88 14.303513
64 89 13.222454
64 90 22.118237
64 91 20.859745
64 92 22.029773
64 93 20.102919
64 94 22.392138
64 95 20.641258
64 96 23.587519
65 66 1.327926
65 67 2.919327
65 68 2.909919
65 69 2.914456
65 70 5.108295
65 71 6.933016
65 72 7.125022
65 73 8.885328
65 74 10.814201
65 75 12.121450
65 76 10.618023
65 77 9.452601
65 78 2.539456
65 79 8.640878
65 80 10.890048
65 81 7.833420
65 82 8.231882
65 83 10.863323
65 84 11.965172
65 85 6.780965
65 86 11.730640
65 87 14.506780
65 88 11.637583
65 89 10.597141
65 90 16.160532
65 91 13.812080
65 92 13.946575
65 93 11.213831
65 94 15.651087
65 95 13.789136
65 96 21.798836
66 67 1.331462
66 68 3.184425
66 69 3.149739
66 70 3.001779
66 71 4.906188
66 72 6.976578
66 73 7.100511
66 74 8.829100
66 75 10.267300
66 76 8.013639
66 77 9.046083
66 78 6.255876
66 79 9.886937
66 80 8.981630
66 81 5.677570
66 82 7.446758
66 83 9.762999
66 84 8.327985
66 85 3.982391
66 86 9.102994
66 87 11.229181
66 88 8.046111
66 89 6.902054
66 90 12.683702
66 91 12.460287
66 92 14.535764
66 93 11.624912
66 94 16.726374
66 95 14.190920
66 96 21.333081
67 68 1.316520
67 69 3.239377
67 70 3.193029
67 71 2.747714
67 72 4.809259
67 73 6.750411
67 74 7.652963
67 75 8.392818
67 76 6.367167
67 77 5.628642
67 78 3.086135
67 79 5.127950
67 80 6.204268
67 81 3.285029
67 82 3.535395
67 83 6.027722
67 84 7.232341
67 85 3.637685
67 86 6.569727
67 87 9.311497
67 88 10.256437
67 89 8.209066
67 90 11.469461
67 91 9.163905
67 92 9.786235
67 93 6.940408
67 94 11.716598
67 95 9.518524
67 96 14.012024
68 69 1.326544
68 70 3.271459
68 71 3.207264
68 72 2.982518
68 73 4.718850
68 74 6.846121
68 75 7.575178
68 76 6.437613
68 77 7.089222
68 78 3.736744
68 79 7.661407
68 80 8.808296
68 81 5.371455
68 82 6.735765
68 83 9.501593
68 84 10.264716
68 85 6.097609
68 86 10.815967
68 87 13.438211
68 88 12.546670
68 89 11.089374
68 90 16.072073
68 91 14.737284
68 92 15.002198
68 93 11.194316
68 94 16.335804
68 95 12.876652
68 96 17.696951
69 70 1.322573
69 71 3.240549
69 72 3.115221
69 73 2.796124
69 74 4.813493
69 75 6.555195
69 76 7.081081
69 77 8.419316
69 78 6.327927
69 79 9.797085
69 80 9.780724
69 81 6.164913
69 82 8.686314
69 83 11.346165
69 84 9.172827
69 85 7.074084
69 86 12.275982
69 87 14.266458
69 88 8.696975
69 89 10.745467
69 90 16.752705
69 91 16.654282
69 92 17.326050
69 93 13.558594
69 94 20.444913
69 95 15.063730
69 96 22.397218
70 71 1.339917
70 72 3.180302
70 73 3.245936
70 74 2.729219
70 75 4.239815
70 76 3.759723
70 77 6.245118
70 78 6.978915
70 79 8.422271
70 80 5.602578
70 81 3.962876
70 82 5.775697
70 83 6.810076
70 84 3.884208
70 85 3.505163
70 86 7.322681
70 87 8.750311
70 88 6.785664
70 89 8.079342
70 90 12.319315
70 91 12.592860
70 92 14.851125
70 93 10.706190
70 94 16.047989
70 95 12.292943
70 96 20.570033
71 72 1.327375
71 73 3.478312
71 74 3.813312
71 75 2.815507
71 76 2.266273
71 77 3.264926
71 78 3.305530
71 79 5.848724
71 80 6.526277
71 81 3.445985
71 82 6.271222
71 83 8.937559
71 84 7.925537
71 85 6.930735
71 86 10.956784
71 87 12.992155
71 88 11.828951
71 89 12.110158
71 90 16.457782
71 91 15.994989
71 92 16.308848
71 93 11.594200
71 94 16.142224
71 95 11.382626
71 96 16.648685
72 73 1.317089
72 74 3.306078
72 75 3.379508
72 76 4.784631
72 77 6.651208
72 78 6.911813
72 79 9.156452
72 80 8.969648
72 81 6.015065
72 82 9.066739
72 83 11.581845
72 84 9.787503
72 85 9.557893
72 86 13.766413
72 87 15.694455
72 88 14.113048
72 89 14.624533
72 90 21.829612
72 91 21.227417
72 92 21.871129
72 93 14.340373
72 94 21.139152
72 95 14.392183
72 96 22.256855
73 74 1.326459
73 75 3.315296
73 76 5.869362
73 77 8.866127
73 78 9.515561
73 79 11.597836
73 80 10.357147
73 81 7.679674
73 82 10.793849
73 83 12.569466
73 84 7.020832
73 85 9.087714
73 86 13.648663
73 87 14.793709
73 88 10.316835
73 89 13.812496
73 90 21.098185
73 91 21.161796
73 92 22.206670
73 93 20.396103
73 94 22.236275
73 95 20.442384
73 96 24.024574
74 75 1.329080
74 76 3.316327
74 77 6.868336
74 78 9.240698
74 79 10.317934
74 80 6.900753
74 81 6.476123
74 82 9.026848
74 83 8.316281
74 84 2.733771
74 85 8.338250
74 86 11.591457
74 87 11.425688
74 88 8.164287
74 89 12.451610
74 90 16.003107
74 91 16.627430
74 92 20.596736
74 93 13.831643
74 94 20.090456
74 95 13.623302
74 96 21.816899
75 76 1.300957
75 77 4.409140
75 78 7.542626
75 79 9.663242
75 80 5.449677
75 81 7.762286
75 82 10.383735
75 83 11.896318
75 84 7.623029
75 85 11.961037
75 86 14.987191
75 87 13.878658
75 88 14.326532
75 89 20.258212
75 90 22.372049
75 91 22.007335
75 92 22.093470
75 93 14.953518
75 94 20.490072
75 95 13.340341
75 96 21.271685
76 77 1.322083
76 78 3.815535
76 79 6.165090
76 80 3.467990
76 81 3.683975
76 82 6.052843
76 83 7.093242
76 84 4.007370
76 85 7.379524
76 86 9.897847
76 87 9.117242
76 88 10.572886
76 89 13.020616
76 90 20.071935
76 91 14.447018
76 92 15.153516
76 93 10.466026
76 94 14.624584
76 95 9.800520
76 96 15.603253
77 78 1.313808
77 79 3.199242
77 80 2.847262
77 81 2.808482
77 82 4.786738
77 83 6.684754
77 84 7.274486
77 85 8.602776
77 86 10.620952
77 87 11.555637
77 88 13.364790
77 89 14.083513
77 90 16.590373
77 91 14.623292
77 92 14.269132
77 93 8.987314
77 94 11.658831
77 95 6.622240
77 96 11.513527
78 79 1.329397
78 80 3.201011
78 81 3.115238
78 82 2.705618
78 83 4.779636
78 84 6.621350
78 85 6.959511
78 86 8.475023
78 87 10.482583
78 88 12.279478
78 89 12.044257
78 90 14.418951
78 91 10.925352
78 92 11.843637
78 93 6.808063
78 94 11.314350
78 95 7.141223
78 96 12.120535
79 80 1.326831
79 81 3.296594
79 82 3.291980
79 83 2.862981
79 84 5.064908
79 85 6.962360
79 86 7.437892
79 87 8.459175
79 88 11.068140
79 89 12.089614
79 90 13.107116
79 91 10.075429
79 92 9.711801
79 93 4.326680
79 94 7.962729
79 95 3.669281
79 96 8.537036
80 81 1.326785
80 82 3.246998
80 83 2.973585
80 84 2.942093
80 85 5.101268
80 86 6.796525
80 87 6.777725
80 88 9.369590
80 89 11.012341
80 90 12.479802
80 91 10.552341
80 92 11.190956
80 93 6.506179
80 94 9.796170
80 95 4.774134
80 96 10.369879
81 82 1.331681
81 83 3.220669
81 84 3.146208
81 85 2.906272
81 86 4.755063
81 87 6.760548
81 88 7.752405
81 89 8.223112
81 90 10.691710
81 91 9.660297
81 92 10.471395
81 93 6.281052
81 94 11.318012
81 95 6.961661
81 96 12.706586
82 83 1.325618
82 84 3.233306
82 85 3.307001
82 86 2.725690
82 87 4.771455
82 88 6.839292
82 89 7.250016
82 90 8.515690
82 91 6.478302
82 92 7.074400
82 93 3.570963
82 94 8.490094
82 95 6.099121
82 96 10.659029
83 84 1.320964
83 85 3.302071
83 86 3.241148
83 87 3.074858
83 88 5.294735
83 89 6.980348
83 90 7.752550
83 91 6.114720
83 92 6.400777
83 93 3.553887
83 94 5.896627
83 95 3.763638
83 96 8.528597
84 85 1.335044
84 86 3.250739
84 87 3.227047
84 88 3.284700
84 89 5.373181
84 90 7.184686
84 91 7.669558
84 92 9.352921
84 93 5.946183
84 94 9.962614
84 95 7.342134
84 96 12.516892
85 86 1.326245
85 87 3.198858
85 88 3.092490
85 89 2.888355
85 90 4.920633
85 91 5.749575
85 92 8.000738
85 93 6.717451
85 94 10.815172
85 95 9.565525
85 96 14.478147
86 87 1.326370
86 88 3.251094
86 89 3.165764
86 90 2.841167
86 91 2.893469
86 92 4.630008
86 93 3.541963
86 94 7.182860
86 95 8.433395
86 96 11.611937
87 88 1.333995
87 89 3.151851
87 90 3.304886
87 91 4.448956
87 92 6.683337
87 93 6.144955
87 94 9.387023
87 95 8.295437
87 96 12.649124
88 89 1.330220
88 90 3.245898
88 91 5.626948
88 92 8.610531
88 93 8.898109
88 94 12.071984
88 95 12.720443
88 96 16.634499
89 90 1.333025
89 91 3.289585
89 92 6.776274
89 93 8.337586
89 94 11.997554
89 95 14.008597
89 96 17.480990
90 91 1.323976
90 92 3.869089
90 93 7.155453
90 94 9.550640
90 95 13.484991
90 96 15.917170
91 92 1.324944
91 93 3.608311
91 94 6.137775
91 95 9.812982
91 96 12.289079
92 93 1.324069
92 94 2.584042
92 95 7.457881
92 96 9.654303
93 94 1.326605
93 95 3.613955
93 96 6.190677
94 95 1.332802
94 96 2.999859
95 96 1.334965
