1 2 1.273143
1 3 2.490614
1 4 2.544462
1 5 2.411037
1 6 2.440052
1 7 3.754876
1 8 2.919400
1 9 6.167709
1 10 7.508133
1 11 7.000258
1 12 6.402115
1 13 6.197026
1 14 6.131828
1 15 6.572999
1 16 7.947149
1 17 7.719005
1 18 9.538676
1 19 8.008045
1 20 2.700150
1 21 2.756536
1 22 3.252999
1 23 2.845229
1 24 6.040238
1 25 6.058259
1 26 2.455639
1 27 5.518893
1 28 4.212775
1 29 9.456078
1 30 6.212845
1 31 12.159895
1 32 13.251819
1 33 6.468811
1 34 10.664243
1 35 8.779337
1 36 9.592501
1 37 9.842122
1 38 10.815625
1 39 9.488106
1 40 10.707237
1 41 10.276461
1 42 12.309889
1 43 9.413461
1 44 9.983938
1 45 9.245483
1 46 6.917718
1 47 7.278249
1 48 7.208549
1 49 11.697812
1 50 13.632008
1 51 15.468267
1 52 20.537808
1 53 20.235263
1 54 16.351100
1 55 22.952582
1 56 24.322640
1 57 22.194977
1 58 24.143840
2 3 1.297983
2 4 3.039867
2 5 2.676810
2 6 4.691074
2 7 6.807185
2 8 4.901358
2 9 9.476776
2 10 10.639102
2 11 9.376235
2 12 7.582013
2 13 6.865556
2 14 6.841783
2 15 6.723629
2 16 6.834017
2 17 5.483231
2 18 6.427972
2 19 4.799041
2 20 2.324760
2 21 2.394855
2 22 2.497912
2 23 4.448767
2 24 7.341495
2 25 6.940149
2 26 3.416827
2 27 5.736325
2 28 3.305179
2 29 7.665832
2 30 4.758110
2 31 9.514305
2 32 10.809701
2 33 3.250093
2 34 9.998738
2 35 9.158336
2 36 9.836222
2 37 10.963235
2 38 11.083288
2 39 11.573058
2 40 12.467621
2 41 8.299850
2 42 9.382481
2 43 5.738576
2 44 6.308689
2 45 5.294482
2 46 3.181429
2 47 4.257953
2 48 3.920836
2 49 9.358745
2 50 12.435523
2 51 15.006983
2 52 16.904319
2 53 14.482665
2 54 12.960143
2 55 20.090598
2 56 21.382307
2 57 12.721341
2 58 21.529241
3 4 1.300606
3 5 2.855118
3 6 5.462836
3 7 8.034997
3 8 6.719114
3 9 9.266242
3 10 10.965193
3 11 9.712126
3 12 9.490802
3 13 7.937245
3 14 7.841982
3 15 8.195638
3 16 9.249695
3 17 6.437410
3 18 6.298596
3 19 8.494919
3 20 3.525401
3 21 4.098537
3 22 2.888885
3 23 4.641196
3 24 7.334425
3 25 3.319844
3 26 2.775226
3 27 3.250454
3 28 3.267068
3 29 4.507712
3 30 3.385244
3 31 6.967177
3 32 6.820116
3 33 3.339262
3 34 5.567039
3 35 3.958162
3 36 6.744403
3 37 4.813363
3 38 8.133938
3 39 8.635205
3 40 8.620328
3 41 4.530616
3 42 8.189937
3 43 3.195067
3 44 7.050960
3 45 6.963057
3 46 3.991681
3 47 2.721098
3 48 3.119720
3 49 6.350193
3 50 8.151026
3 51 11.063557
3 52 12.591785
3 53 11.473661
3 54 11.617363
3 55 16.043391
3 56 17.285778
3 57 13.406472
3 58 20.359246
4 5 1.301801
4 6 2.432075
4 7 4.793575
4 8 5.988655
4 9 6.003203
4 10 7.590219
4 11 8.645370
4 12 7.617918
4 13 7.741900
4 14 8.408484
4 15 9.966183
4 16 12.026191
4 17 10.151120
4 18 11.021736
4 19 11.531550
4 20 4.735254
4 21 6.259119
4 22 5.404123
4 23 3.065754
4 24 7.905639
4 25 3.551459
4 26 3.154337
4 27 6.379466
4 28 4.805874
4 29 9.979227
4 30 6.576672
4 31 12.289572
4 32 12.461796
4 33 5.979945
4 34 10.645537
4 35 7.887078
4 36 10.201568
4 37 9.018176
4 38 11.159218
4 39 11.997622
4 40 13.403158
4 41 11.113122
4 42 12.617370
4 43 11.135131
4 44 9.837431
4 45 9.503676
4 46 6.544379
4 47 6.486054
4 48 6.175332
4 49 11.774759
4 50 14.316648
4 51 17.189640
4 52 20.087800
4 53 16.988470
4 54 16.006382
4 55 22.617677
4 56 22.179876
4 57 20.459197
4 58 23.547657
5 6 1.284781
5 7 2.874728
5 8 5.582035
5 9 8.402642
5 10 9.984898
5 11 11.374670
5 12 9.757117
5 13 9.319745
5 14 9.133563
5 15 10.678611
5 16 12.049488
5 17 10.980110
5 18 10.142478
5 19 8.904150
5 20 3.154958
5 21 6.666799
5 22 6.543066
5 23 4.391279
5 24 10.013043
5 25 6.041937
5 26 5.495627
5 27 8.910887
5 28 7.391850
5 29 12.395335
5 30 9.228772
5 31 14.644598
5 32 15.063266
5 33 8.233757
5 34 13.212080
5 35 10.540689
5 36 12.744516
5 37 11.432542
5 38 14.071581
5 39 13.961312
5 40 15.192949
5 41 13.550684
5 42 14.538420
5 43 11.106312
5 44 10.040239
5 45 8.446808
5 46 6.576681
5 47 8.270566
5 48 8.101462
5 49 13.151238
5 50 16.860183
5 51 21.799205
5 52 23.360709
5 53 22.347755
5 54 21.190927
5 55 24.749372
5 56 24.863198
5 57 22.728555
5 58 25.628370
6 7 1.248482
6 8 2.724444
6 9 4.964296
6 10 6.485748
6 11 8.114050
6 12 5.559957
6 13 6.247071
6 14 6.740241
6 15 8.500010
6 16 11.011935
6 17 10.749012
6 18 12.677527
6 19 10.616885
6 20 6.558837
6 21 5.389920
6 22 6.331213
6 23 2.821283
6 24 8.212146
6 25 6.075287
6 26 3.967727
6 27 10.033817
6 28 8.776666
6 29 13.569625
6 30 10.721984
6 31 15.274292
6 32 16.741146
6 33 10.613877
6 34 15.495405
6 35 10.193925
6 36 13.431491
6 37 12.153950
6 38 12.203906
6 39 13.300376
6 40 15.073937
6 41 15.111574
6 42 16.845542
6 43 13.793923
6 44 13.822580
6 45 13.101514
6 46 10.691705
6 47 11.181351
6 48 10.640505
6 49 16.297558
6 50 18.822058
6 51 23.039408
6 52 24.330085
6 53 24.798368
6 54 23.720734
6 55 27.362185
6 56 27.542889
6 57 25.766983
6 58 28.628218
7 8 1.290695
7 9 2.692218
7 10 4.731434
7 11 5.507583
7 12 3.073570
7 13 4.585438
7 14 5.903062
7 15 9.377362
7 16 10.197574
7 17 11.669521
7 18 13.179469
7 19 10.890160
7 20 8.579827
7 21 5.468738
7 22 6.513673
7 23 2.568811
7 24 7.382608
7 25 6.192589
7 26 7.489832
7 27 10.733886
7 28 11.542263
7 29 16.536350
7 30 12.643208
7 31 21.241564
7 32 22.307475
7 33 13.462952
7 34 15.277055
7 35 12.386054
7 36 13.438073
7 37 13.246237
7 38 11.473000
7 39 14.599052
7 40 16.745198
7 41 16.222665
7 42 20.023171
7 43 15.863621
7 44 16.499429
7 45 16.019502
7 46 13.472712
7 47 14.149996
7 48 13.456187
7 49 18.312321
7 50 21.175981
7 51 23.308184
7 52 25.661921
7 53 25.868492
7 54 25.148614
7 55 28.712579
7 56 30.026454
7 57 27.830788
7 58 29.831133
8 9 1.252928
8 10 2.533614
8 11 2.616495
8 12 3.099309
8 13 2.991475
8 14 2.879405
8 15 4.520312
8 16 6.376001
8 17 7.541586
8 18 10.676232
8 19 6.929817
8 20 5.678994
8 21 2.946134
8 22 2.799253
8 23 2.764556
8 24 3.706747
8 25 5.075645
8 26 6.383022
8 27 7.270379
8 28 8.468574
8 29 12.866770
8 30 9.633076
8 31 16.096615
8 32 20.936342
8 33 11.536801
8 34 12.245161
8 35 9.496927
8 36 9.129646
8 37 9.385610
8 38 6.850910
8 39 9.989980
8 40 11.877628
8 41 11.811383
8 42 14.889244
8 43 11.694380
8 44 14.399641
8 45 13.443794
8 46 11.136361
8 47 11.353889
8 48 10.898741
8 49 15.146962
8 50 16.152135
8 51 14.830055
8 52 22.319367
8 53 23.882180
8 54 23.442204
8 55 25.454283
8 56 28.886230
8 57 27.486046
8 58 28.840937
9 10 1.276020
9 11 2.646257
9 12 1.330096
9 13 2.529261
9 14 2.737650
9 15 6.519073
9 16 7.225384
9 17 10.507162
9 18 11.968121
9 19 10.272108
9 20 8.047752
9 21 4.616622
9 22 5.514354
9 23 3.924001
9 24 5.510179
9 25 2.966251
9 26 5.070571
9 27 8.429633
9 28 11.357330
9 29 14.564789
9 30 13.926437
9 31 22.879934
9 32 22.075937
9 33 14.150655
9 34 13.267849
9 35 8.853950
9 36 10.262698
9 37 10.862790
9 38 8.687719
9 39 11.605791
9 40 15.046867
9 41 14.217816
9 42 17.594681
9 43 12.726147
9 44 20.150984
9 45 21.041673
9 46 16.066964
9 47 16.451217
9 48 14.536607
9 49 20.558749
9 50 18.262373
9 51 20.103930
9 52 22.508696
9 53 24.606713
9 54 24.373674
9 55 25.900241
9 56 30.733077
9 57 30.196369
9 58 30.615646
10 11 1.228684
10 12 2.508116
10 13 2.649943
10 14 2.520051
10 15 5.241711
10 16 6.752158
10 17 10.686068
10 18 12.247612
10 19 10.112877
10 20 9.172250
10 21 5.719166
10 22 5.724370
10 23 2.845179
10 24 3.080755
10 25 4.540903
10 26 6.970351
10 27 8.707950
10 28 10.192603
10 29 13.137554
10 30 18.378933
10 31 22.216561
10 32 20.016800
10 33 12.676424
10 34 11.850316
10 35 6.220692
10 36 6.480397
10 37 5.728465
10 38 4.563537
10 39 7.188051
10 40 12.668925
10 41 9.089784
10 42 12.466567
10 43 13.364233
10 44 20.471868
10 45 22.282138
10 46 17.550569
10 47 17.577281
10 48 12.731987
10 49 12.601240
10 50 11.922646
10 51 11.043474
10 52 12.797274
10 53 21.076751
10 54 20.850092
10 55 22.204261
10 56 29.100809
10 57 30.068489
10 58 30.895356
11 12 1.295740
11 13 2.579265
11 14 3.043205
11 15 4.415158
11 16 7.156151
11 17 8.841240
11 18 12.280385
11 19 12.154971
11 20 8.769834
11 21 6.889192
11 22 3.519266
11 23 3.904022
11 24 2.656815
11 25 4.899295
11 26 7.549262
11 27 7.394859
11 28 10.545006
11 29 13.246799
11 30 15.537702
11 31 20.447095
11 32 14.319844
11 33 12.954505
11 34 9.749621
11 35 5.753317
11 36 7.258398
11 37 4.732630
11 38 2.812239
11 39 4.776472
11 40 8.984899
11 41 7.958233
11 42 11.061961
11 43 11.310781
11 44 16.493007
11 45 20.044932
11 46 15.336079
11 47 15.049264
11 48 11.475898
11 49 12.478382
11 50 12.808787
11 51 9.858803
11 52 13.728754
11 53 16.924574
11 54 15.361294
11 55 17.227479
11 56 26.401745
11 57 27.818052
11 58 31.335199
12 13 1.299979
12 14 2.749233
12 15 4.255993
12 16 3.779637
12 17 6.269112
12 18 9.456361
12 19 7.987546
12 20 5.162640
12 21 3.425886
12 22 2.796541
12 23 3.065321
12 24 2.910814
12 25 2.627983
12 26 5.076248
12 27 6.077052
12 28 8.731642
12 29 12.674082
12 30 10.938918
12 31 17.699523
12 32 15.779490
12 33 12.704908
12 34 11.655065
12 35 7.723222
12 36 7.663652
12 37 5.351269
12 38 4.305978
12 39 6.006233
12 40 7.665210
12 41 7.758511
12 42 10.392787
12 43 8.220322
12 44 14.734094
12 45 16.943964
12 46 13.758395
12 47 13.272781
12 48 9.958611
12 49 12.227825
12 50 13.329246
12 51 11.006507
12 52 15.040445
12 53 17.623000
12 54 15.298646
12 55 20.694780
12 56 25.548460
12 57 25.629954
12 58 28.080678
13 14 1.238041
13 15 3.176225
13 16 1.328414
13 17 2.766008
13 18 6.131443
13 19 6.370625
13 20 3.502991
13 21 2.840248
13 22 2.516744
13 23 2.884673
13 24 2.649379
13 25 4.670346
13 26 5.805397
13 27 3.278812
13 28 5.774658
13 29 7.453471
13 30 10.372407
13 31 12.765812
13 32 11.107076
13 33 9.327549
13 34 7.002976
13 35 5.318842
13 36 3.575316
13 37 3.292352
13 38 3.303633
13 39 5.402150
13 40 5.809767
13 41 4.343212
13 42 6.411249
13 43 6.769852
13 44 9.827744
13 45 12.576050
13 46 9.443970
13 47 8.202230
13 48 4.563671
13 49 7.553963
13 50 9.144288
13 51 8.708625
13 52 11.953528
13 53 13.645432
13 54 11.150661
13 55 14.523086
13 56 22.452336
13 57 22.050605
13 58 26.574681
14 15 1.295127
14 16 1.319657
14 17 1.295245
14 18 4.043162
14 19 3.791339
14 20 2.490283
14 21 2.599675
14 22 2.462519
14 23 3.064582
14 24 3.131888
14 25 5.510490
14 26 5.935115
14 27 2.858222
14 28 6.642255
14 29 9.672120
14 30 9.057424
14 31 14.416498
14 32 13.743117
14 33 10.899771
14 34 8.590338
14 35 4.371060
14 36 3.802445
14 37 3.022628
14 38 3.055334
14 39 5.185699
14 40 5.543334
14 41 3.873664
14 42 7.580461
14 43 3.491534
14 44 9.617934
14 45 11.734241
14 46 9.188473
14 47 8.334250
14 48 5.479405
14 49 8.950943
14 50 10.543757
14 51 10.516018
14 52 12.975425
14 53 14.899188
14 54 11.698924
14 55 16.058981
14 56 21.875497
14 57 21.727478
14 58 23.056570
15 16 1.302177
15 17 1.314415
15 18 3.069046
15 19 3.269806
15 20 3.115945
15 21 2.880673
15 22 2.505092
15 23 3.664572
15 24 3.446865
15 25 5.469783
15 26 6.461255
15 27 2.742567
15 28 6.136985
15 29 8.740012
15 30 11.250430
15 31 13.599441
15 32 11.975985
15 33 9.777554
15 34 6.726488
15 35 3.617147
15 36 3.151688
15 37 3.421786
15 38 2.708056
15 39 3.585154
15 40 5.781217
15 41 3.372397
15 42 7.002813
15 43 2.883276
15 44 6.933344
15 45 8.938727
15 46 7.220087
15 47 5.876043
15 48 5.274465
15 49 9.256446
15 50 10.389838
15 51 9.669377
15 52 13.047428
15 53 14.175459
15 54 13.478313
15 55 16.208421
15 56 21.851117
15 57 21.928492
15 58 21.726992
16 17 1.300407
16 18 2.971926
16 19 2.818646
16 20 2.796820
16 21 3.075968
16 22 3.386792
16 23 6.252632
16 24 6.643128
16 25 9.405943
16 26 8.343671
16 27 3.522320
16 28 7.630365
16 29 9.716504
16 30 10.871807
16 31 13.655904
16 32 14.074643
16 33 13.125010
16 34 10.641994
16 35 9.520226
16 36 5.974931
16 37 6.729613
16 38 3.798833
16 39 4.377557
16 40 6.360025
16 41 3.800193
16 42 6.487854
16 43 4.248745
16 44 8.807808
16 45 9.682950
16 46 9.511579
16 47 8.327362
16 48 5.441921
16 49 8.017368
16 50 10.110365
16 51 10.408762
16 52 14.525615
16 53 14.397236
16 54 11.543409
16 55 14.921503
16 56 20.842346
16 57 15.572332
16 58 23.035293
17 18 1.284348
17 19 2.423559
17 20 2.539913
17 21 3.950320
17 22 2.515428
17 23 6.826956
17 24 7.599029
17 25 8.950467
17 26 5.888178
17 27 2.982183
17 28 6.004350
17 29 7.894027
17 30 6.457734
17 31 9.880031
17 32 12.261731
17 33 10.904849
17 34 9.973266
17 35 9.850074
17 36 5.972762
17 37 4.313178
17 38 3.162459
17 39 2.744971
17 40 4.722817
17 41 2.799616
17 42 4.338892
17 43 2.715946
17 44 4.455486
17 45 4.407272
17 46 2.578089
17 47 2.972934
17 48 2.972350
17 49 5.790571
17 50 8.064129
17 51 8.062692
17 52 12.403535
17 53 11.941521
17 54 9.251568
17 55 13.433840
17 56 15.898082
17 57 13.361355
17 58 14.438114
18 19 1.293514
18 20 2.472863
18 21 5.820855
18 22 2.660555
18 23 8.904938
18 24 10.153518
18 25 11.401908
18 26 7.230554
18 27 3.798888
18 28 6.927593
18 29 8.226399
18 30 6.732287
18 31 10.015504
18 32 12.320430
18 33 11.295624
18 34 10.410511
18 35 10.550449
18 36 5.937458
18 37 5.783030
18 38 5.130606
18 39 4.632987
18 40 4.692622
18 41 2.267077
18 42 3.289813
18 43 2.581002
18 44 3.136808
18 45 2.852291
18 46 2.563943
18 47 3.271777
18 48 3.220886
18 49 5.907026
18 50 8.869034
18 51 8.549072
18 52 12.322643
18 53 11.427579
18 54 8.339172
18 55 12.972168
18 56 15.047331
18 57 10.857119
18 58 11.447506
19 20 1.302012
19 21 2.860296
19 22 4.579730
19 23 9.845965
19 24 11.943640
19 25 13.464482
19 26 10.558107
19 27 6.853565
19 28 9.849585
19 29 11.730250
19 30 8.580579
19 31 13.452587
19 32 15.998102
19 33 12.617035
19 34 14.335079
19 35 15.056858
19 36 11.002498
19 37 9.891687
19 38 6.768696
19 39 6.918179
19 40 8.330506
19 41 6.130585
19 42 7.436439
19 43 4.532629
19 44 5.748540
19 45 4.470349
19 46 3.365661
19 47 4.800863
19 48 5.666131
19 49 9.514931
19 50 12.764610
19 51 12.948490
19 52 17.166278
19 53 15.923950
19 54 11.199945
19 55 17.021059
19 56 22.060116
19 57 20.273238
19 58 20.801745
20 21 1.300563
20 22 2.562990
20 23 6.750720
20 24 8.328174
20 25 10.524061
20 26 8.022585
20 27 5.322819
20 28 5.771540
20 29 7.300660
20 30 3.684354
20 31 8.970200
20 32 11.467058
20 33 8.170255
20 34 11.073773
20 35 12.170512
20 36 8.627188
20 37 8.466776
20 38 6.763334
20 39 8.033851
20 40 10.163820
20 41 5.902594
20 42 7.211367
20 43 2.863276
20 44 4.215910
20 45 3.048045
20 46 2.574835
20 47 3.824780
20 48 3.484847
20 49 7.589318
20 50 10.623761
20 51 13.242230
20 52 16.749307
20 53 12.999087
20 54 11.080660
20 55 21.151903
20 56 22.256711
20 57 21.450623
20 58 22.351164
21 22 1.300761
21 23 4.040519
21 24 6.757886
21 25 8.667995
21 26 5.644210
21 27 5.624160
21 28 6.781583
21 29 10.140106
21 30 7.842133
21 31 12.376961
21 32 14.815467
21 33 8.802924
21 34 12.099507
21 35 11.353738
21 36 10.103027
21 37 9.215888
21 38 7.155933
21 39 8.526777
21 40 10.009553
21 41 8.457732
21 42 10.511731
21 43 6.424065
21 44 8.923230
21 45 8.406885
21 46 6.982780
21 47 8.121586
21 48 6.612000
21 49 11.432175
21 50 13.129038
21 51 14.776345
21 52 17.295399
21 53 17.724199
21 54 15.209646
21 55 21.121540
21 56 23.457199
21 57 22.923060
21 58 24.096273
22 23 1.290619
22 24 2.785767
22 25 5.136532
22 26 3.102150
22 27 2.927641
22 28 3.431603
22 29 5.623152
22 30 3.897677
22 31 8.039685
22 32 10.583254
22 33 5.630579
22 34 8.214160
22 35 7.663117
22 36 6.605907
22 37 5.701753
22 38 6.243336
22 39 5.695832
22 40 6.843843
22 41 4.843465
22 42 6.678351
22 43 2.881954
22 44 4.272093
22 45 4.807253
22 46 2.680696
22 47 3.791052
22 48 2.689590
22 49 6.669837
22 50 8.942734
22 51 10.823286
22 52 13.385095
22 53 12.475268
22 54 10.455233
22 55 20.508564
22 56 22.463419
22 57 21.735462
22 58 22.443360
23 24 1.283528
23 25 2.375784
23 26 2.348636
23 27 2.593129
23 28 5.204124
23 29 8.773559
23 30 7.060407
23 31 12.861188
23 32 11.343792
23 33 8.807435
23 34 7.914109
23 35 5.575199
23 36 5.129680
23 37 4.218836
23 38 5.907406
23 39 3.799846
23 40 5.598888
23 41 7.418252
23 42 9.034522
23 43 6.330544
23 44 11.977810
23 45 12.195624
23 46 9.685411
23 47 8.217790
23 48 6.134952
23 49 9.928128
23 50 11.331828
23 51 11.799276
23 52 13.929121
23 53 14.953381
23 54 15.626522
23 55 21.135275
23 56 22.690873
23 57 23.203776
23 58 24.454291
24 25 1.294822
24 26 2.983861
24 27 2.932660
24 28 2.595283
24 29 6.644512
24 30 9.129032
24 31 11.753774
24 32 8.500140
24 33 6.695421
24 34 4.938004
24 35 2.353623
24 36 2.642367
24 37 2.663825
24 38 3.021335
24 39 3.148918
24 40 5.541652
24 41 6.051202
24 42 9.221744
24 43 7.803669
24 44 13.521228
24 45 15.317012
24 46 11.497564
24 47 9.388914
24 48 6.606196
24 49 8.716613
24 50 8.196975
24 51 9.174313
24 52 10.654052
24 53 12.867042
24 54 13.356608
24 55 15.463762
24 56 20.505800
24 57 22.004773
24 58 23.311976
25 26 1.296582
25 27 2.463578
25 28 2.477159
25 29 5.753763
25 30 7.554818
25 31 9.529492
25 32 7.909809
25 33 4.804317
25 34 4.906331
25 35 2.552604
25 36 2.943983
25 37 3.317894
25 38 3.202356
25 39 4.660191
25 40 6.358066
25 41 7.232540
25 42 9.843968
25 43 8.776670
25 44 13.544943
25 45 13.360995
25 46 9.973299
25 47 6.932497
25 48 7.022210
25 49 10.142873
25 50 8.947047
25 51 10.297920
25 52 12.332054
25 53 12.085681
25 54 15.040039
25 55 16.205958
25 56 17.999584
25 57 21.095398
25 58 22.799032
26 27 1.296357
26 28 2.420184
26 29 4.813620
26 30 3.272977
26 31 8.512859
26 32 8.489277
26 33 4.807483
26 34 5.756395
26 35 4.310214
26 36 4.026363
26 37 4.101150
26 38 5.895122
26 39 5.932558
26 40 7.225690
26 41 4.224254
26 42 9.178929
26 43 8.417584
26 44 9.735665
26 45 9.503338
26 46 6.340923
26 47 4.038923
26 48 3.814044
26 49 7.159142
26 50 8.423551
26 51 11.162242
26 52 12.327686
26 53 11.632866
26 54 13.274298
26 55 15.895774
26 56 17.084212
26 57 15.188561
26 58 20.598651
27 28 1.278551
27 29 3.578275
27 30 5.387059
27 31 8.705462
27 32 6.408331
27 33 5.623748
27 34 3.288547
27 35 3.002951
27 36 2.630426
27 37 2.660504
27 38 3.166368
27 39 2.808235
27 40 3.645949
27 41 3.065415
27 42 3.321047
27 43 3.489764
27 44 6.262831
27 45 8.593746
27 46 5.725420
27 47 5.144384
27 48 2.769101
27 49 4.746968
27 50 5.581988
27 51 7.556935
27 52 9.449682
27 53 9.440951
27 54 10.044689
27 55 13.283013
27 56 11.758846
27 57 12.737442
27 58 13.721110
28 29 1.296629
28 30 2.608056
28 31 5.120490
28 32 4.528522
28 33 2.611025
28 34 2.831684
28 35 2.943293
28 36 2.978197
28 37 4.304015
28 38 6.890805
28 39 7.273314
28 40 7.128581
28 41 2.642483
28 42 6.504960
28 43 6.611064
28 44 7.892443
28 45 9.796532
28 46 6.225531
28 47 2.626315
28 48 2.723923
28 49 3.943142
28 50 4.431476
28 51 7.397103
28 52 7.868045
28 53 7.191600
28 54 8.830874
28 55 11.819831
28 56 10.752042
28 57 10.312427
28 58 10.916461
29 30 1.289810
29 31 2.538112
29 32 2.656107
29 33 1.788513
29 34 2.621470
29 35 3.777632
29 36 2.965328
29 37 6.301465
29 38 8.371640
29 39 6.238314
29 40 5.778888
29 41 3.469952
29 42 6.075102
29 43 7.408145
29 44 7.587835
29 45 10.126910
29 46 7.790479
29 47 4.805084
29 48 2.996697
29 49 3.250515
29 50 2.754195
29 51 5.960286
29 52 3.791412
29 53 2.786384
29 54 5.607888
29 55 8.376387
29 56 6.524951
29 57 5.790493
29 58 7.465604
30 31 1.298795
30 32 3.455253
30 33 2.611816
30 34 5.236363
30 35 7.056769
30 36 5.164804
30 37 9.305106
30 38 10.944238
30 39 9.338966
30 40 8.911390
30 41 4.225388
30 42 6.301651
30 43 5.953898
30 44 4.636285
30 45 6.607727
30 46 3.433716
30 47 2.679936
30 48 2.405404
30 49 2.694245
30 50 4.845989
30 51 8.556004
30 52 7.467860
30 53 3.965012
30 54 6.992959
30 55 9.373496
30 56 7.453630
30 57 5.806285
30 58 6.956714
31 32 1.284277
31 33 2.581896
31 34 5.398999
31 35 7.912004
31 36 6.767040
31 37 10.207930
31 38 12.075345
31 39 10.091761
31 40 10.274019
31 41 6.768622
31 42 7.443927
31 43 8.373508
31 44 5.064030
31 45 7.953555
31 46 7.061632
31 47 4.298455
31 48 3.128094
31 49 2.741948
31 50 4.618313
31 51 7.325393
31 52 5.331358
31 53 2.648287
31 54 4.695391
31 55 6.594602
31 56 2.540414
31 57 2.702562
31 58 3.234044
32 33 1.292561
32 34 2.068973
32 35 3.589444
32 36 4.955805
32 37 6.514259
32 38 7.697845
32 39 5.780405
32 40 7.862710
32 41 7.007106
32 42 9.065844
32 43 10.513862
32 44 9.530965
32 45 11.784698
32 46 9.895918
32 47 6.944534
32 48 5.810672
32 49 5.854562
32 50 3.312520
32 51 6.709609
32 52 3.239458
32 53 2.742786
32 54 6.790682
32 55 8.235036
32 56 3.595047
32 57 6.644194
32 58 8.319062
33 34 1.205631
33 35 3.119519
33 36 5.738321
33 37 8.051425
33 38 7.597341
33 39 7.227569
33 40 9.072480
33 41 6.337523
33 42 10.274917
33 43 11.465037
33 44 10.068240
33 45 11.394758
33 46 8.510475
33 47 6.072955
33 48 5.226493
33 49 7.002028
33 50 5.789855
33 51 8.714822
33 52 6.277934
33 53 5.112662
33 54 9.661879
33 55 12.146786
33 56 6.979263
33 57 8.967963
33 58 10.869238
34 35 1.238317
34 36 2.643783
34 37 4.273896
34 38 3.256803
34 39 3.448908
34 40 2.429360
34 41 4.616442
34 42 6.691996
34 43 8.452386
34 44 11.650051
34 45 14.467691
34 46 11.591761
34 47 8.851239
34 48 6.330903
34 49 5.972587
34 50 3.205844
34 51 3.726638
34 52 3.543225
34 53 5.358218
34 54 8.038952
34 55 8.561654
34 56 3.143676
34 57 10.126134
34 58 12.232873
35 36 1.294889
35 37 2.924409
35 38 2.859780
35 39 2.297234
35 40 3.941407
35 41 5.606149
35 42 8.270368
35 43 11.019760
35 44 12.691219
35 45 15.972438
35 46 12.570583
35 47 10.926712
35 48 6.324604
35 49 6.932977
35 50 3.771690
35 51 6.798841
35 52 7.231646
35 53 6.942421
35 54 10.158174
35 55 11.310460
35 56 8.640370
35 57 11.502773
35 58 15.202723
36 37 1.280491
36 38 2.624254
36 39 2.383660
36 40 2.681779
36 41 3.144004
36 42 4.274887
36 43 6.604155
36 44 7.710661
36 45 10.804213
36 46 8.209704
36 47 6.177950
36 48 3.176845
36 49 2.898352
36 50 3.060285
36 51 3.467555
36 52 4.260759
36 53 5.984804
36 54 7.463514
36 55 8.336944
36 56 7.420422
36 57 9.669075
36 58 11.312834
37 38 1.291254
37 39 2.505656
37 40 2.405661
37 41 2.568604
37 42 5.659109
37 43 8.466169
37 44 11.167378
37 45 14.314140
37 46 11.831314
37 47 9.902834
37 48 6.688460
37 49 5.858759
37 50 4.177889
37 51 3.912556
37 52 5.786722
37 53 8.292787
37 54 8.786899
37 55 9.278608
37 56 9.274967
37 57 12.999390
37 58 14.790007
38 39 1.280326
38 40 2.891860
38 41 2.869645
38 42 4.891051
38 43 5.452993
38 44 9.654475
38 45 12.148851
38 46 10.412681
38 47 9.243597
38 48 7.101818
38 49 5.395324
38 50 4.968075
38 51 3.440897
38 52 5.719482
38 53 8.068387
38 54 8.224205
38 55 9.493699
38 56 11.692029
38 57 13.368828
38 58 13.310097
39 40 1.299428
39 41 1.324448
39 42 3.278041
39 43 3.540909
39 44 8.949896
39 45 11.559160
39 46 11.019770
39 47 9.200745
39 48 6.513643
39 49 4.387703
39 50 3.484866
39 51 2.668821
39 52 4.585419
39 53 7.295686
39 54 6.910121
39 55 7.179042
39 56 10.484766
39 57 12.435183
39 58 11.716332
40 41 1.306330
40 42 1.328899
40 43 4.309825
40 44 8.220741
40 45 11.475972
40 46 12.427762
40 47 9.424388
40 48 5.072853
40 49 3.724007
40 50 3.356616
40 51 2.502726
40 52 2.939123
40 53 5.404561
40 54 6.096109
40 55 5.122221
40 56 7.376587
40 57 9.764902
40 58 10.700081
41 42 1.289138
41 43 2.988376
41 44 5.615385
41 45 8.618670
41 46 6.763068
41 47 5.262212
41 48 2.981950
41 49 2.930648
41 50 3.228190
41 51 2.647708
41 52 4.738715
41 53 6.047633
41 54 4.419289
41 55 7.391858
41 56 10.158776
41 57 10.158763
41 58 9.777136
42 43 1.278729
42 44 3.056662
42 45 6.531778
42 46 6.129166
42 47 2.953737
42 48 2.848027
42 49 2.411139
42 50 2.986363
42 51 2.474105
42 52 5.164680
42 53 4.720295
42 54 2.834272
42 55 2.616570
42 56 7.688221
42 57 6.965044
42 58 6.266984
43 44 1.294852
43 45 2.775596
43 46 2.599734
43 47 2.682607
43 48 2.888169
43 49 2.873322
43 50 4.894663
43 51 4.299019
43 52 7.065113
43 53 6.968498
43 54 3.028537
43 55 6.221566
43 56 8.792341
43 57 7.634294
43 58 5.865908
44 45 1.288896
44 46 2.540281
44 47 2.422386
44 48 3.193080
44 49 3.039370
44 50 6.248041
44 51 5.932826
44 52 7.880162
44 53 4.968163
44 54 2.784633
44 55 6.187530
44 56 7.180693
44 57 2.949237
44 58 3.033877
45 46 1.294537
45 47 2.460912
45 48 5.351776
45 49 3.206334
45 50 9.113110
45 51 10.554187
45 52 12.360068
45 53 8.034941
45 54 5.263358
45 55 10.246459
45 56 8.395294
45 57 5.729155
45 58 3.460547
46 47 1.293064
46 48 3.244237
46 49 3.066403
46 50 9.764274
46 51 12.240186
46 52 12.522332
46 53 9.193844
46 54 8.050564
46 55 12.233172
46 56 11.521890
46 57 7.396088
46 58 6.478038
47 48 1.286238
47 49 2.498922
47 50 6.001161
47 51 8.257176
47 52 10.460794
47 53 7.007198
47 54 5.206309
47 55 9.237620
47 56 7.477152
47 57 3.834297
47 58 6.250913
48 49 1.270144
48 50 3.927850
48 51 6.773863
48 52 8.499710
48 53 5.359741
48 54 5.895474
48 55 8.623002
48 56 9.295579
48 57 6.217634
48 58 7.334868
49 50 1.294526
49 51 3.288561
49 52 5.348254
49 53 2.978523
49 54 2.873900
49 55 5.528751
49 56 5.727885
49 57 2.989462
49 58 3.426172
50 51 1.282120
50 52 2.421678
50 53 2.454597
50 54 2.626828
50 55 4.221700
50 56 5.342803
50 57 6.417477
50 58 6.028156
51 52 1.271015
51 53 2.649884
51 54 2.499054
51 55 2.380095
51 56 4.125036
51 57 6.138433
51 58 7.248093
52 53 1.283114
52 54 2.779641
52 55 2.487080
52 56 2.373341
52 57 4.132052
52 58 6.354946
53 54 1.277340
53 55 2.651192
53 56 2.388013
53 57 2.471117
53 58 3.169637
54 55 1.291487
54 56 2.597173
54 57 2.542403
54 58 2.696627
55 56 1.277816
55 57 2.769522
55 58 2.595458
56 57 1.298991
56 58 2.677231
57 58 1.325112
