1 2 1.324757
1 3 2.853637
1 5 5.046213
1 6 2.633797
1 7 3.113258
1 8 3.861602
1 9 4.681488
1 10 3.660690
1 11 7.802770
1 12 9.920754
1 13 6.128413
1 14 8.825942
1 15 11.236495
1 16 11.289090
1 17 13.980276
1 18 15.442860
1 19 13.417742
1 20 11.056962
1 21 8.749607
1 22 7.717078
1 23 7.834665
1 24 8.419724
1 25 9.282813
1 26 7.064854
1 27 9.093896
1 28 12.645884
1 29 13.839321
1 30 13.415475
1 31 13.545968
1 32 13.474426
1 33 17.797505
1 34 18.894355
1 35 21.173113
1 36 22.511188
1 37 26.072413
1 38 25.979614
1 39 25.238581
1 40 22.824293
1 41 26.119219
1 42 27.737233
1 43 29.920864
1 44 30.027753
1 45 26.230684
1 46 25.609180
1 47 25.872371
1 48 23.790703
1 49 23.530014
1 50 26.694851
1 51 26.401801
1 52 26.261155
1 53 23.156106
1 57 25.471767
1 58 24.359522
1 59 27.679623
1 60 29.576814
1 61 30.498700
1 62 33.716331
1 63 32.658026
1 64 32.045480
1 65 34.509153
2 3 1.339379
2 5 2.853388
2 6 2.792853
2 7 2.887712
2 8 5.662966
2 9 6.565483
2 10 5.210035
2 11 8.680972
2 12 11.262602
2 13 9.271338
2 14 8.758411
2 15 8.513418
2 16 7.693191
2 17 12.084790
2 18 12.712360
2 19 8.910354
2 20 7.123822
2 21 4.030618
2 22 3.183809
2 23 4.300967
2 24 3.470360
2 25 6.174918
2 26 2.819089
2 27 8.136963
2 28 11.560780
2 29 13.016463
2 30 10.480758
2 31 10.622956
2 32 11.750134
2 33 14.482879
2 34 15.128754
2 35 16.654109
2 36 21.552066
2 37 24.977843
2 38 25.044061
2 39 24.786570
2 40 22.390302
2 41 25.648795
2 42 26.795574
2 43 28.747943
2 44 28.421219
2 45 24.593747
2 46 24.195249
2 47 24.026368
2 48 21.685225
2 49 21.473929
2 50 24.440078
2 51 24.287682
2 52 23.949358
2 53 21.026600
2 57 23.572354
2 58 22.969310
2 59 26.542393
2 60 28.356420
2 61 28.924728
2 62 31.951628
2 63 30.758433
2 64 30.513403
2 65 33.266443
3 5 1.324576
3 6 1.324835
3 7 3.628402
3 8 5.795002
3 9 3.240920
3 10 4.338194
3 11 6.952587
3 12 8.764567
3 13 10.672237
3 14 10.901194
3 15 11.857274
3 16 11.194585
3 17 14.357615
3 18 14.903110
3 19 12.618758
3 20 9.848377
3 21 6.150780
3 22 5.418604
3 23 3.034970
3 24 3.294548
3 25 7.506200
3 26 6.685725
3 27 9.561457
3 28 12.218556
3 29 15.009715
3 30 12.524124
3 31 10.824486
3 32 10.403212
3 33 14.160267
3 34 14.572248
3 35 15.915326
3 36 16.708676
3 37 22.891609
3 38 23.496614
3 39 23.745921
3 40 21.829600
3 41 25.297806
3 42 25.994639
3 43 28.143758
3 44 27.460380
3 45 23.655420
3 46 23.884005
3 47 23.791790
3 48 20.988238
3 49 20.174490
3 50 22.777257
3 51 22.152107
3 52 21.315744
3 53 12.808912
3 57 20.459197
3 58 20.138157
3 59 23.786002
3 60 25.882089
3 61 26.563488
3 62 29.616112
3 63 28.745238
3 64 28.819956
3 65 31.704541
5 6 1.318640
5 7 3.557379
5 8 6.260200
5 9 8.716808
5 10 9.387609
5 11 12.349006
5 12 13.444269
5 13 9.363674
5 14 10.495284
5 15 10.743416
5 16 8.579687
5 17 11.976236
5 18 11.687873
5 19 10.579410
5 20 6.440813
5 21 5.233932
5 22 2.583736
5 23 2.571388
5 24 2.454987
5 25 3.513817
5 26 4.103796
5 27 7.714553
5 28 11.327399
5 29 11.946334
5 30 8.200958
5 31 8.334921
5 32 7.375616
5 33 10.662018
5 34 11.725961
5 35 12.879497
5 36 14.250724
5 37 16.979204
5 38 16.689643
5 39 20.083160
5 40 14.695699
5 41 21.495051
5 42 22.261196
5 43 24.445265
5 44 23.928333
5 45 20.112666
5 46 20.264159
5 47 20.425393
5 48 15.529140
5 49 13.779090
5 50 16.868374
5 51 15.835247
5 52 16.381359
5 53 10.270102
5 57 16.319645
5 58 16.348522
5 59 21.214722
5 60 22.986846
5 61 23.579370
5 62 26.660577
5 63 25.640779
5 64 25.447747
5 65 28.231110
6 7 1.322061
6 8 2.717724
6 9 2.861837
6 10 2.653933
6 11 4.517176
6 12 6.144693
6 13 6.437755
6 14 7.002896
6 15 8.579009
6 16 6.507145
6 17 9.893900
6 18 10.220074
6 19 10.408531
6 20 6.500166
6 21 6.654731
6 22 3.245931
6 23 2.790034
6 24 2.971528
6 25 3.405893
6 26 3.331590
6 27 4.496189
6 28 7.560184
6 29 8.969328
6 30 7.432525
6 31 8.184801
6 32 8.450850
6 33 12.674593
6 34 13.825028
6 35 15.061888
6 36 16.470350
6 37 20.715481
6 38 20.594988
6 39 19.079149
6 40 15.375922
6 41 21.135003
6 42 22.563829
6 43 24.914895
6 44 24.985627
6 45 21.203973
6 46 20.871500
6 47 21.468858
6 48 18.767626
6 49 16.856021
6 50 21.765885
6 51 21.309478
6 52 21.371010
6 53 14.117090
6 57 20.677315
6 58 18.441691
6 59 22.609997
6 60 24.314271
6 61 25.204442
6 62 28.447522
6 63 27.428941
6 64 26.723228
6 65 29.151935
7 8 1.324425
7 9 2.581139
7 10 3.505470
7 11 2.633173
7 12 3.883791
7 13 2.408653
7 14 5.171414
7 15 6.601627
7 16 7.503532
7 17 10.718216
7 18 11.645924
7 19 9.981883
7 20 6.698380
7 21 6.258350
7 22 3.260875
7 23 4.387360
7 24 6.159198
7 25 6.370928
7 26 6.780549
7 27 6.720762
7 28 10.912763
7 29 11.197781
7 30 9.777316
7 31 11.466498
7 32 8.955119
7 33 14.199264
7 34 15.794152
7 35 16.781300
7 36 17.826416
7 37 23.127762
7 38 23.236538
7 39 22.442621
7 40 20.422138
7 41 23.951098
7 42 25.595806
7 43 28.182748
7 44 28.412535
7 45 24.676879
7 46 24.397621
7 47 25.202264
7 48 22.978141
7 49 22.155656
7 50 25.253454
7 51 24.482263
7 52 24.303523
7 53 20.955088
7 57 22.891590
7 58 21.368309
7 59 24.448742
7 60 26.520872
7 61 27.833077
7 62 31.238691
7 63 30.530126
7 64 29.758174
7 65 32.024987
8 9 1.325268
8 10 3.098575
8 11 4.027212
8 12 3.115638
8 13 3.727173
8 14 3.752797
8 15 4.615873
8 16 3.684379
8 17 6.728902
8 18 8.312874
8 19 7.670767
8 20 4.783607
8 21 6.939347
8 22 3.885546
8 23 6.841799
8 24 6.866477
8 25 3.896103
8 26 6.023978
8 27 3.109630
8 28 7.654290
8 29 7.206625
8 30 6.607754
8 31 9.479755
8 32 8.555189
8 33 13.888150
8 34 15.841899
8 35 17.064930
8 36 20.784585
8 37 24.326736
8 38 23.895727
8 39 22.507756
8 40 20.161351
8 41 23.424888
8 42 25.586324
8 43 28.085610
8 44 28.787693
8 45 25.146811
8 46 24.341254
8 47 25.344474
8 48 23.617297
8 49 23.176070
8 50 26.541985
8 51 26.074957
8 52 26.393874
8 53 23.234619
8 57 25.313040
8 58 23.428285
8 59 26.279538
8 60 28.028502
8 61 29.317748
8 62 32.708446
8 63 31.798073
8 64 30.615785
8 65 32.607067
9 10 0.000000
9 11 3.202205
9 12 2.953943
9 13 4.339471
9 14 4.262277
9 15 7.274062
9 16 7.769902
9 17 10.502366
9 18 12.288703
9 19 11.959656
9 20 9.163559
9 21 10.950871
9 22 7.780205
9 23 8.278190
9 24 6.922450
9 25 7.397539
9 26 6.676144
9 27 4.432689
9 28 7.960030
9 29 8.527319
9 30 10.107684
9 31 12.311517
9 32 13.007458
9 33 20.447319
9 34 21.127583
9 35 23.268071
9 36 24.318738
9 37 27.777852
9 38 27.097816
9 39 25.473335
9 40 22.872805
9 41 25.867073
9 42 28.273412
9 43 30.550348
9 44 31.431928
9 45 27.829052
9 46 26.626242
9 47 27.461168
9 48 26.046231
9 49 26.015959
9 50 29.496253
9 51 29.320608
9 52 29.784332
9 53 26.740007
9 57 28.954963
9 58 27.108004
9 59 29.955380
9 60 31.590869
9 61 32.775349
9 62 36.101385
9 63 35.005021
9 64 33.723750
9 65 35.655311
10 11 1.315046
10 12 2.953943
10 13 4.360183
10 14 6.013315
10 15 8.796494
10 16 9.881221
10 17 12.730326
10 18 14.472343
10 19 14.345108
10 20 11.970900
10 21 12.157986
10 22 9.060163
10 23 9.046131
10 24 8.776841
10 25 8.746599
10 26 5.834770
10 27 6.559064
10 28 9.201528
10 29 10.715975
10 30 12.153706
10 31 13.873947
10 32 14.853713
10 33 20.536135
10 34 20.849355
10 35 23.472657
10 36 25.054543
10 37 28.327963
10 38 27.356843
10 39 25.779506
10 40 22.802991
10 41 25.512278
10 42 27.857279
10 43 29.719325
10 44 30.533736
10 45 26.940040
10 46 25.393083
10 47 25.817625
10 48 24.643179
10 49 25.133372
10 50 28.689993
10 51 28.996682
10 52 29.677736
10 53 26.945070
10 57 29.558516
10 58 27.965475
10 59 30.995999
10 60 32.318158
10 61 33.073078
10 62 36.190065
10 63 34.713731
10 64 33.495087
10 65 35.562535
11 12 1.324334
11 13 2.491016
11 14 3.964548
11 15 6.636748
11 16 8.981901
11 17 12.177924
11 18 14.488928
11 19 13.119555
11 20 12.612339
11 21 10.415011
11 22 9.210425
11 23 10.574541
11 24 10.833818
11 25 10.869930
11 26 8.350143
11 27 7.326279
11 28 8.538068
11 29 9.994149
11 30 12.538026
11 31 15.799615
11 32 16.864073
11 33 22.791325
11 34 23.488097
11 35 26.247438
11 36 27.775620
11 37 30.926187
11 38 29.650141
11 39 27.688837
11 40 24.596351
11 41 26.986413
11 42 29.680390
11 43 31.423251
11 44 32.594957
11 45 29.161325
11 46 27.249524
11 47 27.796761
11 48 27.046086
11 49 27.785198
11 50 31.435107
11 51 31.906313
11 52 32.852593
11 53 30.218914
11 57 32.833351
11 58 31.026740
11 59 33.873093
11 60 35.031046
11 61 35.810413
11 62 38.901511
11 63 37.331998
11 64 35.841391
11 65 37.666546
12 13 1.324921
12 14 3.033054
12 15 3.899533
12 16 6.533377
12 17 9.758118
12 18 11.975570
12 19 11.722187
12 20 11.775599
12 21 9.332630
12 22 10.646073
12 23 12.264368
12 24 12.147845
12 25 10.247189
12 26 7.354835
12 27 6.448450
12 28 5.082336
12 29 6.657065
12 30 9.065514
12 31 12.477707
12 32 15.004972
12 33 20.442781
12 34 21.523426
12 35 24.411849
12 36 25.950680
12 37 28.868513
12 38 27.246375
12 39 24.981332
12 40 21.799004
12 41 23.920513
12 42 26.847704
12 43 28.540793
12 44 30.021547
12 45 26.763736
12 46 24.633237
12 47 25.479391
12 48 25.059569
12 49 25.881543
12 50 29.597134
12 51 30.180716
12 52 31.498454
12 53 29.061180
12 57 31.704946
12 58 29.643599
12 59 32.259991
12 60 33.099657
12 61 33.822094
12 62 36.844704
12 63 35.191039
12 64 33.413726
12 65 34.997865
13 14 1.324184
13 15 3.251868
13 16 5.687953
13 17 8.014421
13 18 8.069964
13 19 7.985417
13 20 8.888293
13 21 5.738499
13 22 6.897931
13 23 9.525878
13 24 11.287426
13 25 8.157203
13 26 8.867092
13 27 6.422420
13 28 7.225678
13 29 6.561913
13 30 9.701503
13 31 13.040255
13 32 15.006208
13 33 21.168877
13 34 22.746457
13 35 25.241036
13 36 26.269391
13 37 29.281184
13 38 27.793213
13 39 25.311297
13 40 22.465168
13 41 24.723571
13 42 27.849059
13 43 29.905891
13 44 31.590023
13 45 28.392749
13 46 26.476779
13 47 27.765446
13 48 27.246814
13 49 27.661933
13 50 31.338354
13 51 31.537365
13 52 32.767418
13 53 30.099908
13 57 32.390978
13 58 30.009081
13 59 32.357495
13 60 33.390676
13 61 34.518986
13 62 37.719013
13 63 36.387256
13 64 34.435055
13 65 35.775377
14 15 1.324705
14 16 2.775491
14 17 4.516812
14 18 6.119371
14 19 6.460650
14 20 6.683797
14 21 7.351060
14 22 6.906363
14 23 10.601701
14 24 9.974916
14 25 6.253132
14 26 7.095868
14 27 3.495622
14 28 5.654769
14 29 3.202608
14 30 6.423611
14 31 9.128492
14 32 10.748025
14 33 15.184466
14 34 17.681854
14 35 22.103679
14 36 22.865102
14 37 25.987410
14 38 24.741342
14 39 22.381751
14 40 15.956615
14 41 22.413484
14 42 25.398451
14 43 27.786480
14 44 29.345652
14 45 26.083978
14 46 24.569814
14 47 26.110778
14 48 25.260337
14 49 25.225904
14 50 28.814556
14 51 28.668670
14 52 29.748727
14 53 26.931384
14 57 29.014841
14 58 26.518834
14 59 28.796925
14 60 29.987057
14 61 31.318604
14 62 34.634244
14 63 33.547496
14 64 31.647257
14 65 33.007453
15 16 1.325275
15 17 2.911317
15 18 3.802253
15 19 2.370472
15 20 4.610214
15 21 5.055332
15 22 5.978688
15 23 10.036473
15 24 11.131088
15 25 7.505584
15 26 9.522449
15 27 5.784765
15 28 5.112176
15 29 3.822757
15 30 6.715344
15 31 9.156723
15 32 10.308972
15 33 14.348121
15 34 17.490704
15 35 21.035561
15 36 21.424340
15 37 24.321798
15 38 22.909152
15 39 20.208714
15 40 15.170120
15 41 20.370111
15 42 23.575512
15 43 26.162443
15 44 28.036879
15 45 25.024956
15 46 23.586335
15 47 25.624313
15 48 24.945705
15 49 24.671114
15 50 28.175155
15 51 27.856442
15 52 29.159908
15 53 26.439205
15 57 28.275987
15 58 25.412759
15 59 27.264943
15 60 28.273640
15 61 29.796502
15 62 33.121158
15 63 32.199522
15 64 29.994759
15 65 30.991736
16 17 1.324409
16 18 3.213722
16 19 2.491429
16 20 3.473526
16 21 5.671459
16 22 3.880155
16 23 7.785106
16 24 6.918781
16 25 3.832701
16 26 6.803754
16 27 3.819656
16 28 4.348476
16 29 3.429929
16 30 3.621335
16 31 6.883232
16 32 7.251874
16 33 11.547938
16 34 14.168901
16 35 15.660332
16 36 16.735779
16 37 21.232890
16 38 20.223788
16 39 15.924021
16 40 12.943108
16 41 16.312435
16 42 21.707849
16 43 24.607944
16 44 26.162527
16 45 23.032250
16 46 22.126887
16 47 24.249695
16 48 23.115050
16 49 22.350908
16 50 25.704047
16 51 25.007075
16 52 26.039071
16 53 23.135018
16 57 24.769845
16 58 21.886325
16 59 23.778313
16 60 25.040365
16 61 26.745377
16 62 30.194083
16 63 29.526359
16 64 27.521084
16 65 28.678999
17 18 1.325014
17 19 2.933996
17 20 3.627888
17 21 6.672201
17 22 7.783238
17 23 10.586720
17 24 10.683512
17 25 6.486570
17 26 9.314188
17 27 5.940818
17 28 6.647707
17 29 3.191635
17 30 3.815288
17 31 5.272671
17 32 5.772944
17 33 9.450937
17 34 12.880320
17 35 13.947759
17 36 15.097724
17 37 16.832561
17 38 13.931467
17 39 13.322102
17 40 10.392210
17 41 13.594958
17 42 16.345001
17 43 21.352130
17 44 23.235384
17 45 20.369278
17 46 18.859368
17 47 21.748372
17 48 20.991929
17 49 20.322591
17 50 23.662120
17 51 23.162361
17 52 24.674294
17 53 22.164070
17 57 23.888111
17 58 20.817198
17 59 22.412243
17 60 23.135647
17 61 24.642416
17 62 27.932888
17 63 27.104117
17 64 24.776769
17 65 25.663904
18 19 1.324323
18 20 3.356864
18 21 6.418951
18 22 7.652027
18 23 10.025241
18 24 10.535059
18 25 6.489837
18 26 9.697501
18 27 7.237120
18 28 8.108261
18 29 4.578803
18 30 3.020224
18 31 4.781534
18 32 3.642085
18 33 7.601356
18 34 11.008835
18 35 11.102623
18 36 11.770536
18 37 13.765885
18 38 11.735522
18 39 11.950769
18 40 9.333673
18 41 12.599320
18 42 15.155464
18 43 18.645155
18 44 21.128080
18 45 17.031092
18 46 17.747920
18 47 20.305616
18 48 18.789964
18 49 16.620280
18 50 20.962996
18 51 20.054238
18 52 21.347008
18 53 17.343099
18 57 20.247919
18 58 14.236534
18 59 16.283777
18 60 17.998552
18 61 21.279937
18 62 24.691180
18 63 24.113070
18 64 21.986607
18 65 23.053347
19 20 1.324301
19 21 3.528574
19 22 5.674763
19 23 9.116187
19 24 9.922176
19 25 7.600776
19 26 11.082720
19 27 9.010848
19 28 10.727026
19 29 6.630194
19 30 4.978085
19 31 7.442521
19 32 5.044762
19 33 9.649676
19 34 12.962201
19 35 13.235374
19 36 13.937617
19 37 15.976579
19 38 13.895949
19 39 13.974838
19 40 11.667571
19 41 14.864712
19 42 17.377082
19 43 22.883731
19 44 24.186743
19 45 21.228606
19 46 21.181156
19 47 23.684797
19 48 22.129232
19 49 20.521407
19 50 23.433839
19 51 22.034976
19 52 22.795406
19 53 18.177724
19 57 20.769506
19 58 15.634192
19 59 18.076613
19 60 20.560228
19 61 22.742615
19 62 26.339184
19 63 26.232465
19 64 24.310346
19 65 25.355337
20 21 1.310102
20 22 2.970175
20 23 5.500191
20 24 5.222623
20 25 3.699343
20 26 6.553204
20 27 6.374300
20 28 8.953265
20 29 6.621661
20 30 3.577706
20 31 6.384566
20 32 3.005099
20 33 9.099091
20 34 11.500519
20 35 11.594124
20 36 11.695865
20 37 14.085893
20 38 13.297611
20 39 14.272639
20 40 11.602055
20 41 15.402346
20 42 20.443601
20 43 23.667156
20 44 24.494975
20 45 21.182792
20 46 21.226583
20 47 23.216919
20 48 21.272696
20 49 16.310662
20 50 22.706330
20 51 21.364084
20 52 21.732254
20 53 14.918624
20 57 15.895261
20 58 13.101350
20 59 15.672668
20 60 21.019570
20 61 22.966009
20 62 26.583165
20 63 26.337451
20 64 24.872299
20 65 26.434352
21 22 1.324790
21 23 3.252147
21 24 5.696223
21 25 6.283562
21 26 9.277465
21 27 9.125769
21 28 12.159964
21 29 9.343310
21 30 6.849098
21 31 9.586818
21 32 3.791355
21 33 9.781570
21 34 11.264372
21 35 11.716081
21 36 11.547909
21 37 14.264578
21 38 14.547075
21 39 15.865348
21 40 14.021226
21 41 17.541818
21 42 20.424377
21 43 23.660654
21 44 23.924978
21 45 20.520111
21 46 21.132072
21 47 22.845928
21 48 20.398054
21 49 15.147822
21 50 21.113091
21 51 17.081161
21 52 16.210766
21 53 11.721490
21 57 14.089906
21 58 12.399103
21 59 15.177357
21 60 17.847993
21 61 21.188054
21 62 24.829560
21 63 24.785681
21 64 23.807220
21 65 25.720700
22 23 1.324074
22 24 3.221248
22 25 3.140232
22 26 5.271411
22 27 6.130835
22 28 9.990748
22 29 9.605591
22 30 6.068217
22 31 7.856331
22 32 2.702042
22 33 6.921152
22 34 8.815069
22 35 9.353711
22 36 10.273285
22 37 12.900708
22 38 12.401988
22 39 13.427583
22 40 11.242174
22 41 14.904360
22 42 16.403482
22 43 22.468570
22 44 22.557865
22 45 15.331246
22 46 17.015619
22 47 20.431237
22 48 15.658776
22 49 12.775638
22 50 16.222073
22 51 15.394343
22 52 15.191535
22 53 11.175910
22 57 14.335042
22 58 12.560093
22 59 15.060200
22 60 20.016628
22 61 21.314785
22 62 24.759010
22 63 24.170353
22 64 23.342515
22 65 25.588812
23 24 1.323916
23 25 2.871952
23 26 6.342448
23 27 8.256908
23 28 11.247155
23 29 10.298196
23 30 7.801894
23 31 7.014317
23 32 4.953550
23 33 6.074819
23 34 6.767022
23 35 7.984867
23 36 9.754871
23 37 12.442160
23 38 12.135521
23 39 13.102164
23 40 10.862160
23 41 14.407059
23 42 15.196412
23 43 20.537095
23 44 20.090108
23 45 13.032272
23 46 14.455062
23 47 14.521755
23 48 12.596041
23 49 10.097019
23 50 13.400068
23 51 12.791875
23 52 13.227939
23 53 8.369077
23 57 13.168464
23 58 12.652487
23 59 15.072752
23 60 16.889327
23 61 16.823574
23 62 22.140107
23 63 21.353243
23 64 20.931247
23 65 23.552848
24 25 1.324405
24 26 2.759538
24 27 5.909809
24 28 8.275458
24 29 6.823203
24 30 3.391723
24 31 4.286152
24 32 6.387722
24 33 7.486222
24 34 6.958542
24 35 9.049236
24 36 11.801437
24 37 14.212636
24 38 13.349856
24 39 13.467093
24 40 10.520857
24 41 14.189190
24 42 14.567908
24 43 16.094946
24 44 14.938329
24 45 10.979720
24 46 11.509101
24 47 11.345913
24 48 10.021915
24 49 8.764865
24 50 12.027460
24 51 12.601845
24 52 14.034123
24 53 10.469528
24 57 15.092847
24 58 14.724414
24 59 17.033117
24 60 20.141623
24 61 20.440958
24 62 23.441669
24 63 22.058740
24 64 21.392389
24 65 23.993672
25 26 1.324197
25 27 3.198227
25 28 6.182604
25 29 6.247968
25 30 3.511049
25 31 3.079492
25 32 5.139937
25 33 8.414546
25 34 9.626839
25 35 11.189961
25 36 13.232013
25 37 15.813864
25 38 14.499642
25 39 14.571103
25 40 10.843720
25 41 14.993000
25 42 16.730816
25 43 20.825225
25 44 21.274649
25 45 14.830611
25 46 14.637480
25 47 15.672530
25 48 14.888521
25 49 13.292842
25 50 16.614959
25 51 16.802158
25 52 17.478831
25 53 13.296220
25 57 17.699592
25 58 16.526955
25 59 21.087196
25 60 22.166421
25 61 22.817996
25 62 25.959196
25 63 24.639723
25 64 23.495529
25 65 25.699863
26 27 1.323786
26 28 2.738743
26 29 5.560048
26 30 3.920634
26 31 3.292997
26 32 8.421547
26 33 11.395959
26 34 12.560930
26 35 14.332261
26 36 16.556589
26 37 21.271489
26 38 20.050712
26 39 17.043115
26 40 12.955542
26 41 17.129971
26 42 20.316545
26 43 22.118550
26 44 22.767236
26 45 16.843581
26 46 16.352990
26 47 16.340107
26 48 15.806664
26 49 15.186076
26 50 21.053106
26 51 21.526952
26 52 22.604470
26 53 20.242455
26 57 23.155202
26 58 21.562758
26 59 24.586318
26 60 25.418304
26 61 25.785882
26 62 28.734633
26 63 27.058225
26 64 25.823413
26 65 27.986880
27 28 1.324599
27 29 2.488076
27 30 2.692529
27 31 2.781263
27 32 7.491491
27 33 10.861864
27 34 12.699978
27 35 14.909792
27 36 17.275154
27 37 22.004451
27 38 20.473619
27 39 15.408770
27 40 10.822670
27 41 14.780158
27 42 20.525450
27 43 22.528237
27 44 23.778684
27 45 20.394042
27 46 16.007485
27 47 17.844530
27 48 17.513122
27 49 17.198304
27 50 23.081505
27 51 23.424231
27 52 24.782072
27 53 22.383697
27 57 25.015670
27 58 22.895065
27 59 25.503417
27 60 26.245257
27 61 26.927392
27 62 29.980299
27 63 28.437174
27 64 26.729936
27 65 28.439754
28 29 1.324570
28 30 2.726220
28 31 2.852947
28 32 8.643884
28 33 12.060369
28 34 14.175342
28 35 16.605629
28 36 20.051802
28 37 22.466663
28 38 20.348746
28 39 15.546792
28 40 10.888853
28 41 14.247596
28 42 16.741939
28 43 21.006463
28 44 22.715941
28 45 17.286085
28 46 16.118568
28 47 18.179603
28 48 18.397778
28 49 18.675393
28 50 23.157459
28 51 23.902949
28 52 25.780942
28 53 23.810788
28 57 26.547392
28 58 24.291088
28 59 26.614344
28 60 26.844725
28 61 27.278569
28 62 30.105326
28 63 28.292063
28 64 26.236193
28 65 27.636661
29 30 1.324109
29 31 2.573224
29 32 6.814604
29 33 10.280308
29 34 13.242575
29 35 15.296121
29 36 17.110625
29 37 21.511979
29 38 15.264600
29 39 13.929120
29 40 9.913546
29 41 13.213304
29 42 15.983117
29 43 21.184761
29 44 23.187487
29 45 20.293807
29 46 17.183639
29 47 20.399754
29 48 20.169817
29 49 20.378818
29 50 23.979779
29 51 24.231645
29 52 26.075542
29 53 23.905772
29 57 26.208422
29 58 23.506721
29 59 25.433035
29 60 25.778776
29 61 26.680714
29 62 29.696357
29 63 28.276083
29 64 25.950755
29 65 26.991620
30 31 1.325278
30 32 3.703946
30 33 7.338818
30 34 9.514858
30 35 11.815573
30 36 13.578276
30 37 15.643111
30 38 12.739870
30 39 11.594443
30 40 7.213841
30 41 11.101315
30 42 13.557785
30 43 16.455368
30 44 20.402753
30 45 13.785767
30 46 13.499181
30 47 15.328592
30 48 15.091793
30 49 14.488810
30 50 20.664864
30 51 20.659726
30 52 22.390633
30 53 20.166678
30 57 22.434312
30 58 16.934190
30 59 21.767730
30 60 22.177123
30 61 23.091990
30 62 26.188436
30 63 24.890994
30 64 22.733986
30 65 23.993313
31 32 1.345708
31 33 4.005274
31 34 7.157558
31 35 9.127224
31 36 11.045645
31 37 12.336884
31 38 8.535673
31 39 7.184156
31 40 3.547446
31 41 6.623788
31 42 9.043984
31 43 11.593935
31 44 13.723568
31 45 11.321229
31 46 10.008912
31 47 12.364798
31 48 13.272020
31 49 12.956710
31 50 15.346679
31 51 14.762808
31 52 17.459094
31 53 16.755986
31 57 20.526102
31 58 15.594835
31 59 16.234420
31 60 17.374721
31 61 20.094722
31 62 23.004570
31 63 21.558814
31 64 15.637190
31 65 20.383075
32 33 1.305837
32 34 2.638370
32 35 3.561332
32 36 3.227873
32 37 6.387301
32 38 5.966828
32 39 3.480967
32 40 3.474229
32 41 4.635541
32 42 5.020087
32 43 6.860414
32 44 8.081332
32 45 4.577836
32 46 3.596149
32 47 5.672889
32 48 6.574717
32 49 6.378916
32 50 9.063161
32 51 10.214851
32 52 9.155669
32 53 11.979418
32 54 7.125975
32 55 2.650241
32 56 7.849714
32 57 8.409368
32 58 10.249620
32 59 10.126566
32 60 11.337335
32 61 11.557428
32 62 15.670776
32 63 13.426159
32 64 10.087328
32 65 13.820555
33 34 1.300415
33 35 2.399240
33 36 4.276738
33 37 5.521380
33 38 2.796661
33 39 2.943237
33 40 2.663392
33 41 2.964756
33 42 4.512774
33 43 8.297816
33 44 9.065234
33 45 4.438733
33 46 5.511579
33 47 6.858101
33 48 6.863632
33 49 6.173265
33 50 8.702117
33 51 7.112310
33 52 9.457450
33 53 10.362339
33 54 7.846697
33 55 6.507355
33 56 8.091749
33 57 9.829856
33 58 8.680597
33 59 8.704121
33 60 9.413628
33 61 7.822742
33 62 11.981852
33 63 10.326005
33 64 7.143717
33 65 10.374263
34 35 1.308995
34 36 4.469224
34 37 6.303699
34 38 3.833129
34 39 3.906613
34 40 4.225113
34 41 4.672426
34 42 4.985804
34 43 8.100703
34 44 6.245357
34 45 3.607452
34 46 5.558971
34 47 6.263073
34 48 2.792995
34 49 2.929198
34 50 5.113829
34 51 5.655889
34 52 6.088190
34 53 6.882079
34 54 6.459978
34 55 4.265581
34 56 6.180935
34 57 5.224147
34 58 7.107249
34 59 9.434365
34 60 10.476529
34 61 8.705335
34 62 12.187665
34 63 9.949878
34 64 7.320284
34 65 11.559794
35 36 1.283902
35 37 2.871631
35 38 3.049992
35 39 2.790655
35 40 5.204612
35 41 6.470047
35 42 5.630307
35 43 8.542604
35 44 6.709325
35 45 3.871106
35 46 8.345189
35 47 10.113539
35 48 6.457368
35 49 3.595966
35 50 6.248795
35 51 3.758381
35 52 5.771775
35 53 6.308565
35 54 3.554897
35 55 3.071473
35 56 4.141116
35 57 3.911393
35 58 5.736929
35 59 6.488190
35 60 7.369586
35 61 6.100013
35 62 9.540306
35 63 7.659924
35 64 6.317405
35 65 8.657088
36 37 1.317994
36 38 2.961572
36 39 3.626298
36 40 7.210687
36 41 9.239373
36 42 8.170660
36 43 12.111679
36 44 10.885877
36 45 7.894600
36 46 11.906746
36 47 13.627161
36 48 9.934794
36 49 6.478675
36 50 9.895376
36 51 6.612285
36 52 6.267821
36 53 5.739936
36 54 5.560593
36 55 2.604941
36 56 2.898401
36 57 2.742600
36 58 2.392422
36 59 2.446743
36 60 3.617441
36 61 6.059823
36 62 9.512797
36 63 10.175590
36 64 8.570380
36 65 8.823349
37 38 1.295855
37 39 3.073490
37 40 5.936147
37 41 8.484757
37 42 5.743218
37 43 9.090830
37 44 8.387738
37 45 6.620153
37 46 10.904760
37 47 13.346317
37 48 9.986224
37 49 6.075757
37 50 7.220852
37 51 3.708955
37 52 4.939363
37 53 5.006206
37 54 3.748395
37 55 3.299876
37 56 3.310164
37 57 3.429461
37 58 2.741060
37 59 3.100428
37 60 2.916442
37 61 2.750936
37 62 5.986164
37 63 6.123400
37 64 5.431252
37 65 5.090616
38 39 1.300991
38 40 2.716818
38 41 4.044253
38 42 3.222631
38 43 6.367361
38 44 6.015834
38 45 4.142010
38 46 7.554776
38 47 9.438759
38 48 8.112717
38 49 6.501258
38 50 5.543253
38 51 3.819196
38 52 7.586411
38 53 7.389961
38 54 6.532344
38 55 6.110263
38 56 3.544123
38 57 6.414897
38 58 5.212056
38 59 4.215961
38 60 4.580512
38 61 3.246986
38 62 7.179418
38 63 6.252390
38 64 3.396096
38 65 4.969299
39 40 1.296963
39 41 2.476497
39 42 2.858658
39 43 5.837016
39 44 7.332539
39 45 5.627968
39 46 6.360441
39 47 9.092565
39 48 8.753504
39 49 8.123308
39 50 8.692122
39 51 8.031080
39 52 10.766753
39 53 10.916643
39 54 10.672962
39 55 9.045642
39 56 6.968552
39 57 9.048369
39 58 8.400925
39 59 5.694875
39 60 6.931599
39 61 6.600974
39 62 9.215110
39 63 8.358457
39 64 4.888750
39 65 6.054628
40 41 1.302836
40 42 2.455896
40 43 5.109390
40 44 7.723827
40 45 5.641313
40 46 5.906106
40 47 8.344143
40 48 9.485971
40 49 9.160864
40 50 10.474227
40 51 9.907912
40 52 12.436138
40 53 13.664094
40 54 12.133826
40 55 10.307251
40 56 11.021785
40 57 10.345316
40 58 11.288295
40 59 8.347511
40 60 9.872026
40 61 9.495680
40 62 12.736127
40 63 11.608312
40 64 8.002851
40 65 8.053308
41 42 1.308949
41 43 2.671402
41 44 5.153988
41 45 3.843918
41 46 3.859753
41 47 5.899671
41 48 6.799017
41 49 8.184537
41 50 8.996357
41 51 9.002519
41 52 12.567775
41 53 14.450565
41 54 13.524175
41 55 12.235021
41 56 10.384128
41 57 13.000722
41 58 14.105980
41 59 10.135959
41 60 11.290540
41 61 10.537179
41 62 12.575596
41 63 10.194191
41 64 7.421119
41 65 9.022977
42 43 1.294943
42 44 2.723994
42 45 2.487467
42 46 2.434667
42 47 5.069739
42 48 6.160438
42 49 6.781649
42 50 5.502606
42 51 6.019346
42 52 9.646610
42 53 10.639659
42 54 9.909822
42 55 9.580115
42 56 6.277877
42 57 8.807579
42 58 11.790588
42 59 9.591665
42 60 9.147363
42 61 5.995016
42 62 9.161956
42 63 5.784129
42 64 3.687258
42 65 5.569996
43 44 1.287171
43 45 2.749195
43 46 2.462794
43 47 3.439820
43 48 5.683206
43 49 7.104841
43 50 5.396038
43 51 8.278587
43 52 9.872999
43 53 12.945952
43 54 14.097774
43 55 13.335652
43 56 10.363029
43 57 12.023141
43 58 15.178645
43 59 13.034086
43 60 12.573533
43 61 9.546919
43 62 10.594943
43 63 6.191111
43 64 4.931881
43 65 7.039976
44 45 1.280561
44 46 3.171355
44 47 2.776532
44 48 3.313312
44 49 4.476523
44 50 2.502393
44 51 4.060055
44 52 6.705214
44 53 9.044046
44 54 9.314142
44 55 9.691910
44 56 7.758081
44 57 6.006113
44 58 12.555267
44 59 12.293073
44 60 10.909699
44 61 5.593268
44 62 6.017642
44 63 2.682896
44 64 2.615799
44 65 4.377012
45 46 1.285045
45 47 2.856543
45 48 2.538978
45 49 2.763451
45 50 3.226706
45 51 3.241287
45 52 6.037482
45 53 8.492211
45 54 7.307985
45 55 7.988942
45 56 6.467520
45 57 8.465460
45 58 10.429175
45 59 10.878532
45 60 10.029336
45 61 6.462425
45 62 9.302163
45 63 6.345435
45 64 4.024397
45 65 8.192470
46 47 1.301555
46 48 3.013663
46 49 4.777477
46 50 5.837816
46 51 7.951278
46 52 8.895845
46 53 12.252906
46 54 12.165863
46 55 12.909907
46 56 10.929091
46 57 13.459075
46 58 15.237572
46 59 14.547117
46 60 14.384261
46 61 10.618279
46 62 12.638629
46 63 8.951182
46 64 6.935988
46 65 10.647267
47 48 1.289134
47 49 3.909690
47 50 3.334930
47 51 7.778847
47 52 6.411303
47 53 11.293610
47 54 13.116283
47 55 14.187517
47 56 12.824365
47 57 14.677882
47 58 17.103771
47 59 17.154575
47 60 15.553983
47 61 11.793904
47 62 11.206371
47 63 7.782021
47 64 8.086927
47 65 10.731151
48 49 1.298213
48 50 2.373444
48 51 4.851343
48 52 2.576458
48 53 6.794739
48 54 9.289617
48 55 11.106918
48 56 10.558896
48 57 11.711221
48 58 13.396293
48 59 15.292750
48 60 13.271458
48 61 10.213814
48 62 11.318351
48 63 7.625597
48 64 7.175442
48 65 11.903268
49 50 1.302979
49 51 2.663586
49 52 2.809111
49 53 5.065552
49 54 5.713356
49 55 7.098187
49 56 7.594846
49 57 6.143995
49 58 8.619850
49 59 10.485705
49 60 9.427939
49 61 7.592229
49 62 9.897695
49 63 6.356789
49 64 6.317155
49 65 10.756837
50 51 1.303539
50 52 3.065868
50 53 3.454341
50 54 4.470030
50 55 5.582148
50 56 6.245590
50 57 6.979119
50 58 9.995889
50 59 11.504018
50 60 8.519546
50 61 5.649432
50 62 5.945831
50 63 2.894135
50 64 3.025259
50 65 6.875920
51 52 1.305240
51 53 2.618171
51 54 2.761833
51 55 3.757742
51 56 4.205581
51 57 4.265931
51 58 6.313770
51 59 7.943614
51 60 5.953233
51 61 3.618370
51 62 5.829038
51 63 3.428474
51 64 3.703778
51 65 6.841233
52 53 1.292293
52 54 4.015299
52 55 5.783633
52 56 6.557670
52 57 2.707668
52 58 4.368002
52 59 7.125374
52 60 6.448106
52 61 5.345509
52 62 6.240333
52 63 3.678396
52 64 6.416662
52 65 9.749234
53 54 1.324650
53 55 4.542032
53 56 6.600681
53 57 1.324449
53 58 3.319679
53 59 5.472061
53 60 4.009617
53 61 3.615308
53 62 4.371521
53 63 3.478135
53 64 7.183797
53 65 8.153729
54 55 1.282875
54 56 3.148733
54 57 3.443166
54 58 4.819892
54 59 7.666308
54 60 6.603090
54 61 5.636533
54 62 3.283978
54 63 3.897856
54 64 6.926955
54 65 8.729353
55 56 1.306217
55 57 2.752809
55 58 2.830579
55 59 4.286568
55 60 3.287703
55 61 3.437260
55 62 2.648819
55 63 3.624199
55 64 6.348000
55 65 6.762934
56 57 1.296356
56 58 2.546832
56 59 2.642566
56 60 4.113640
56 61 4.683329
56 62 5.775123
56 63 3.407001
56 64 3.827642
56 65 3.611522
57 58 1.283770
57 59 2.414999
57 60 2.605269
57 61 1.326038
57 62 2.775278
57 63 2.596036
57 64 3.115281
57 65 2.981497
58 59 1.317482
58 60 2.660716
58 61 4.896700
58 62 7.426495
58 63 8.731363
58 64 10.049531
58 65 6.710469
59 60 1.286363
59 61 4.345029
59 62 7.878307
59 63 9.871414
59 64 8.309633
59 65 5.869028
60 61 1.290204
60 62 3.949504
60 63 6.544310
60 64 6.138363
60 65 2.824024
61 62 1.306489
61 63 3.263135
61 64 3.151061
61 65 2.735481
62 63 1.304500
62 64 2.741950
62 65 3.056028
63 64 1.284372
63 65 3.419953
64 65 1.289658
