1 2 1.326926
1 3 2.854584
1 4 6.148924
1 5 7.990777
1 6 10.616821
1 7 13.473556
1 8 16.868510
1 9 14.550493
1 10 21.615457
1 11 16.547306
1 12 20.806445
1 13 22.144551
1 14 21.913028
1 15 22.832348
1 16 20.624721
1 17 22.062573
1 18 21.528886
1 19 23.977448
1 20 21.434002
1 21 21.345473
1 22 14.715450
1 23 12.765300
1 24 14.636569
1 25 14.046459
1 26 10.823305
1 27 10.309081
1 28 11.892849
1 29 8.968450
1 30 7.626155
1 31 9.485228
1 32 9.815760
1 33 5.457561
1 34 2.728639
1 35 9.615856
1 36 11.920721
1 37 13.728795
1 38 16.219330
1 39 14.237095
1 40 17.827698
1 43 21.276269
1 44 24.500423
1 45 26.193568
1 46 25.891257
1 47 26.169038
1 48 25.352487
1 49 26.458163
2 3 1.322209
2 4 2.330505
2 5 4.477812
2 6 6.248827
2 7 7.595909
2 8 11.724464
2 9 11.478348
2 10 14.881074
2 11 14.021422
2 12 14.043236
2 13 17.324938
2 14 13.804052
2 15 16.841582
2 16 14.291194
2 17 13.815192
2 18 14.019605
2 19 20.055160
2 20 14.334089
2 21 14.255628
2 22 11.291935
2 23 9.606448
2 24 10.851785
2 25 8.815646
2 26 6.780453
2 27 7.086233
2 28 7.631395
2 29 5.089570
2 30 3.663227
2 31 5.458242
2 32 5.473968
2 33 2.019560
2 34 2.719691
2 35 5.514063
2 36 6.300686
2 37 8.058009
2 38 8.303758
2 39 9.303250
2 40 11.409202
2 43 14.133865
2 44 17.242388
2 45 21.563592
2 46 21.492088
2 47 22.761336
2 48 22.770542
2 49 23.169160
3 4 1.312257
3 5 2.271691
3 6 2.689073
3 7 3.753758
3 8 7.322268
3 9 8.030588
3 10 11.037074
3 11 11.747494
3 12 11.854754
3 13 11.641508
3 14 11.223816
3 15 14.912256
3 16 14.161907
3 17 15.350411
3 18 11.853130
3 19 16.098238
3 20 11.760356
3 21 11.664749
3 22 8.201543
3 23 9.877101
3 24 7.814429
3 25 6.010674
3 26 3.644041
3 27 3.669106
3 28 5.787023
3 29 5.057448
3 30 2.209751
3 31 3.730961
3 32 5.086944
3 33 4.513064
3 34 4.121299
3 35 5.535626
3 36 8.440925
3 37 10.421523
3 38 11.621560
3 39 9.680737
3 40 13.325823
3 43 13.046554
3 44 20.116064
3 45 20.919780
3 46 17.400856
3 47 20.348796
3 48 20.115383
3 49 21.136308
4 5 1.301394
4 6 2.719712
4 7 2.994131
4 8 5.338860
4 9 5.797553
4 10 9.645070
4 11 7.970708
4 12 8.433408
4 13 12.982469
4 14 10.885426
4 15 14.433144
4 16 14.255296
4 17 15.006124
4 18 14.043555
4 19 17.658874
4 20 13.968413
4 21 13.269304
4 22 9.502586
4 23 8.658182
4 24 6.128576
4 25 3.485971
4 26 3.113656
4 27 4.660379
4 28 6.286346
4 29 3.212602
4 30 2.817823
4 31 5.871807
4 32 5.455466
4 33 4.833596
4 34 3.085155
4 35 7.419367
4 36 7.826946
4 37 10.744676
4 38 11.621824
4 39 10.133146
4 40 11.452392
4 41 20.184175
4 42 12.268119
4 43 11.066959
4 44 7.588664
4 45 8.928529
4 46 8.818484
4 47 9.243421
4 48 8.939619
4 49 8.120186
5 6 1.300857
5 7 2.196905
5 8 2.591613
5 9 3.854718
5 10 6.026096
5 11 6.117166
5 12 7.364466
5 13 10.697318
5 14 11.465630
5 15 14.752292
5 16 13.763210
5 17 14.610799
5 18 14.111619
5 19 20.804624
5 20 14.345678
5 21 12.997371
5 22 11.034037
5 23 7.367895
5 24 6.472914
5 25 5.555282
5 26 3.386669
5 27 4.338093
5 28 6.544563
5 29 2.697499
5 30 3.806260
5 31 6.180429
5 32 2.714507
5 33 6.653878
5 34 6.254256
5 35 10.944776
5 36 10.548689
5 37 11.865218
5 38 13.238470
5 39 10.102138
5 40 11.834706
5 41 20.452797
5 42 12.909218
5 43 10.894533
5 44 10.265577
5 45 12.654257
5 46 11.185404
5 47 13.298448
5 48 12.600804
5 49 11.054981
6 7 1.301768
6 8 1.737408
6 9 2.979684
6 10 3.132835
6 11 3.231023
6 12 3.521552
6 13 8.080534
6 14 8.356864
6 15 12.468501
6 16 12.492829
6 17 15.016991
6 18 13.491784
6 19 16.016866
6 20 12.225529
6 21 10.571539
6 22 8.357475
6 23 5.850507
6 24 3.559753
6 25 4.457359
6 26 1.444107
6 27 3.073532
6 28 3.429886
6 29 3.768011
6 30 3.086757
6 31 4.882046
6 32 6.768404
6 33 7.430337
6 34 6.917187
6 35 9.798461
6 36 9.748533
6 37 13.270505
6 38 13.682631
6 39 10.950527
6 40 12.574357
6 41 13.342282
6 42 12.961840
6 43 10.525181
6 44 7.761095
6 45 11.241227
6 46 9.831461
6 47 10.817395
6 48 10.811818
6 49 8.753233
7 8 1.311089
7 9 1.326912
7 10 1.330577
7 11 3.011462
7 12 3.793012
7 13 5.130983
7 14 10.051191
7 15 12.856842
7 16 13.707123
7 17 16.107375
7 18 15.110787
7 19 15.451746
7 20 12.466502
7 21 10.427356
7 22 7.870386
7 23 4.837169
7 24 2.941471
7 25 6.444550
7 26 3.951198
7 27 2.438928
7 28 6.364878
7 29 4.182870
7 30 5.475146
7 31 9.603184
7 32 8.519374
7 33 11.751216
7 34 10.713446
7 35 11.950973
7 36 13.202484
7 37 17.301111
7 38 18.280044
7 39 14.222327
7 40 14.341082
7 41 16.409383
7 42 13.675005
7 43 11.580826
7 44 10.626960
7 45 14.491063
7 46 8.318379
7 47 13.622271
7 48 13.971661
7 49 12.958163
8 9 1.322008
8 10 3.280599
8 11 2.971919
8 12 2.944728
8 13 5.544400
8 14 9.130697
8 15 13.232187
8 16 14.849275
8 17 16.604935
8 18 20.021950
8 19 15.923261
8 20 11.947405
8 21 9.188325
8 22 7.826806
8 23 3.756750
8 24 5.223616
8 25 4.464810
8 26 4.476846
8 27 2.901108
8 28 9.538666
8 29 6.272649
8 30 6.427112
8 31 10.857600
8 32 10.265215
8 33 12.808586
8 34 10.965596
8 35 15.624640
8 36 16.139133
8 37 16.139429
8 38 16.304765
8 39 13.467793
8 40 12.830600
8 41 22.829421
8 42 15.914215
8 43 9.782885
8 44 12.910323
8 45 12.484002
8 46 6.979466
8 47 12.010088
8 48 11.386940
8 49 13.435724
9 10 1.313815
9 11 2.528004
9 12 2.595103
9 13 3.203170
9 14 6.709400
9 15 11.151265
9 16 12.786868
9 17 14.090994
9 18 15.082543
9 19 15.567538
9 20 12.786815
9 21 9.243484
9 22 6.929803
9 23 3.342385
9 24 2.833301
9 25 3.349464
9 26 3.352352
9 27 4.043891
9 28 7.050194
9 29 3.382186
9 30 7.530107
9 31 9.759694
9 32 7.519552
9 33 11.237125
9 34 12.198198
9 35 13.887898
9 36 13.704394
9 37 13.965786
9 38 14.566594
9 39 11.076911
9 40 10.727321
9 41 22.202932
9 42 14.387888
9 43 7.354937
9 44 12.087676
9 45 11.099074
9 46 6.019009
9 47 10.780376
9 48 10.049367
9 49 12.994327
10 11 1.306731
10 12 2.642943
10 13 4.997589
10 14 6.304752
10 15 10.509645
10 16 12.643191
10 17 15.036838
10 18 15.780793
10 19 14.895751
10 20 13.052879
10 21 10.356655
10 22 6.836945
10 23 3.573007
10 24 2.917655
10 25 3.753717
10 26 4.885182
10 27 6.427126
10 28 7.247178
10 29 7.336380
10 30 9.480750
10 31 11.338195
10 32 11.880299
10 33 11.681755
10 34 15.658117
10 35 15.896143
10 36 13.149902
10 37 16.718190
10 38 13.692974
10 39 14.176156
10 40 12.309897
10 41 13.082236
10 42 8.898138
10 43 8.198300
10 44 8.346188
10 45 10.272986
10 46 4.185657
10 47 9.278533
10 48 9.540712
10 49 13.109396
11 12 1.308584
11 13 2.767131
11 14 3.431119
11 15 6.797735
11 16 9.797792
11 17 11.008437
11 18 13.703120
11 19 9.706853
11 20 9.587719
11 21 5.040709
11 22 5.128731
11 23 3.242928
11 24 3.022994
11 25 3.881138
11 26 4.647690
11 27 6.900603
11 28 8.645872
11 29 8.690365
11 30 5.219431
11 31 8.199756
11 32 10.007664
11 33 11.361986
11 34 10.906212
11 35 14.838403
11 36 13.005202
11 37 17.596104
11 38 16.048381
11 39 13.224682
11 40 10.596897
11 41 14.584426
11 42 12.232437
11 43 6.332185
11 44 9.049620
11 45 6.307628
11 46 3.117680
11 47 3.890087
11 48 5.241699
11 49 8.216719
12 13 1.317192
12 14 3.440989
12 15 6.865950
12 16 9.572791
12 17 11.963755
12 18 12.628917
12 19 12.300406
12 20 9.673981
12 21 5.955959
12 22 4.013213
12 23 2.621116
12 24 2.317268
12 25 3.065945
12 26 4.844652
12 27 6.250447
12 28 7.867711
12 29 7.864524
12 30 7.292265
12 31 7.746802
12 32 10.331840
12 33 9.906979
12 34 13.952270
12 35 13.886732
12 36 12.037511
12 37 15.361577
12 38 13.864485
12 39 13.001778
12 40 11.573248
12 41 10.490268
12 42 9.662517
12 43 7.524594
12 44 7.357048
12 45 7.621417
12 46 2.534349
12 47 5.138403
12 48 3.382863
12 49 8.753992
13 14 1.318530
13 15 4.416020
13 16 7.174270
13 17 9.347119
13 18 10.546841
13 19 9.235350
13 20 7.432726
13 21 2.562032
13 22 2.876405
13 23 2.603327
13 24 2.936043
13 25 3.643473
13 26 6.403169
13 27 6.575880
13 28 7.096078
13 29 7.399245
13 30 8.977042
13 31 8.229244
13 32 11.379841
13 33 10.056670
13 34 14.375860
13 35 14.147420
13 36 12.508437
13 37 14.550923
13 38 14.183777
13 39 10.913926
13 40 9.831413
13 41 9.226935
13 42 9.160958
13 43 6.528108
13 44 8.186753
13 45 4.953953
13 46 2.424288
13 47 2.354139
13 48 3.059945
13 49 5.765949
14 15 1.305675
14 16 3.616413
14 17 5.443733
14 18 6.645537
14 19 5.965521
14 20 3.481826
14 21 2.887804
14 22 2.219109
14 23 3.223469
14 24 3.128365
14 25 3.127627
14 26 5.596654
14 27 6.141551
14 28 3.590226
14 29 3.502671
14 30 6.468178
14 31 4.247604
14 32 7.647239
14 33 5.118553
14 34 9.973784
14 35 8.599657
14 36 7.654018
14 37 9.980113
14 38 10.672699
14 39 7.382945
14 40 6.323230
14 41 7.917864
14 42 6.174775
14 43 3.049027
14 44 3.876593
14 45 3.295827
14 46 2.992384
14 47 2.094595
14 48 3.701042
14 49 4.073385
15 16 1.312437
15 17 2.668974
15 18 4.748493
15 19 3.500156
15 20 2.528671
15 21 3.221683
15 22 3.963354
15 23 5.831477
15 24 6.691576
15 25 6.943432
15 26 9.444264
15 27 8.808718
15 28 4.003439
15 29 6.569366
15 30 9.605449
15 31 7.436617
15 32 9.638762
15 33 8.025196
15 34 12.931336
15 35 11.523512
15 36 9.336895
15 37 11.943131
15 38 9.233456
15 39 5.697231
15 40 4.027929
15 41 6.250830
15 42 4.134979
15 43 2.579126
15 44 2.556469
15 45 2.664427
15 46 4.112164
15 47 2.789580
15 48 3.117350
15 49 1.944113
16 17 1.316686
16 18 2.553066
16 19 2.484717
16 20 1.863170
16 21 3.442210
16 22 3.267486
16 23 5.866428
16 24 7.345684
16 25 7.594579
16 26 9.439046
16 27 7.886776
16 28 3.506061
16 29 6.392491
16 30 9.015407
16 31 7.401347
16 32 6.859917
16 33 8.857404
16 34 11.513068
16 35 9.548781
16 36 6.883848
16 37 8.420582
16 38 6.714650
16 39 3.448442
16 40 3.194712
16 41 3.906642
16 42 3.102572
16 43 3.049657
16 44 2.465796
16 45 5.068346
16 46 7.147332
16 47 5.825169
16 48 5.274789
16 49 2.961026
17 18 1.310893
17 19 1.329487
17 20 3.695317
17 21 3.454357
17 22 5.378991
17 23 8.824517
17 24 9.978968
17 25 9.257334
17 26 11.525797
17 27 10.013422
17 28 4.374072
17 29 7.959805
17 30 10.619374
17 31 8.882424
17 32 6.124033
17 33 10.303136
17 34 12.180227
17 35 8.816836
17 36 5.548018
17 37 6.701039
17 38 3.168726
17 39 2.687766
17 40 2.553664
17 41 3.581646
17 42 2.656111
17 43 3.017469
17 44 2.662918
17 45 5.576047
17 46 8.958429
17 47 8.887922
17 48 8.625794
17 49 5.166457
18 19 1.325435
18 20 2.164232
18 21 4.836417
18 22 2.332753
18 23 8.811423
18 24 9.620690
18 25 9.823248
18 26 10.887384
18 27 8.048972
18 28 5.053652
18 29 8.678160
18 30 9.068486
18 31 4.470805
18 32 6.731116
18 33 9.353091
18 34 8.030177
18 35 4.781054
18 36 2.837105
18 37 6.047601
18 38 5.771504
18 39 3.147562
18 40 4.976741
18 41 3.526994
18 42 5.336330
18 43 5.662277
18 44 4.297763
18 45 8.104129
18 46 10.648536
18 47 9.326832
18 48 8.519445
18 49 5.192946
19 20 1.313309
19 21 2.733278
19 22 5.443104
19 23 8.956097
19 24 11.019866
19 25 12.496624
19 26 13.894793
19 27 10.957688
19 28 7.775836
19 29 10.124405
19 30 12.610721
19 31 9.295242
19 32 9.765677
19 33 13.490701
19 34 12.301000
19 35 9.683981
19 36 6.595693
19 37 9.345274
19 38 8.464974
19 39 5.911479
19 40 6.790695
19 41 7.082331
19 42 8.391615
19 43 6.589294
19 44 2.424897
19 45 5.887093
19 46 9.304105
19 47 7.039576
19 48 6.552875
19 49 2.707967
20 21 1.307129
20 22 2.624995
20 23 5.267854
20 24 7.721702
20 25 9.035973
20 26 9.691758
20 27 6.111690
20 28 5.345075
20 29 6.379165
20 30 8.370847
20 31 3.669281
20 32 6.100101
20 33 11.171883
20 34 8.113175
20 35 6.126570
20 36 3.631664
20 37 7.873429
20 38 9.986005
20 39 6.069890
20 40 6.747743
20 41 6.073656
20 42 7.381635
20 43 6.270769
20 44 4.580496
20 45 6.545684
20 46 8.704182
20 47 6.194633
20 48 6.339186
20 49 2.688056
21 22 1.313833
21 23 3.891812
21 24 5.903337
21 25 7.618898
21 26 8.298887
21 27 4.499424
21 28 5.600728
21 29 4.531255
21 30 7.070431
21 31 7.949405
21 32 6.092768
21 33 11.329730
21 34 9.834534
21 35 9.079551
21 36 8.803181
21 37 12.368822
21 38 12.224155
21 39 8.174442
21 40 8.963527
21 41 8.267106
21 42 9.409537
21 43 8.072559
21 44 7.260136
21 45 6.319013
21 46 6.243035
21 47 3.270048
21 48 3.102431
21 49 2.437126
22 23 1.299125
22 24 2.862966
22 25 5.021492
22 26 5.961237
22 27 2.796493
22 28 3.019600
22 29 3.419713
22 30 4.592394
22 31 2.740295
22 32 5.005821
22 33 7.392016
22 34 5.102681
22 35 4.039582
22 36 2.880764
22 37 5.984240
22 38 8.023115
22 39 3.256852
22 40 6.080776
22 41 4.394830
22 42 7.206359
22 43 6.616543
22 44 7.753363
22 45 7.472343
22 46 6.860553
22 47 3.680718
22 48 3.474280
22 49 5.201009
23 24 1.298795
23 25 3.730827
23 26 5.150021
23 27 2.478908
23 28 3.544642
23 29 5.709533
23 30 3.629387
23 31 4.573158
23 32 7.195335
23 33 8.308410
23 34 8.892043
23 35 10.087003
23 36 10.767936
23 37 13.241670
23 38 13.608364
23 39 9.456224
23 40 9.645793
23 41 10.734714
23 42 12.088709
23 43 7.577241
23 44 8.734684
23 45 7.629582
23 46 7.808901
23 47 5.248663
23 48 5.556761
23 49 8.124534
24 25 1.301664
24 26 2.760133
24 27 2.276975
24 28 2.385337
24 29 3.068598
24 30 2.512431
24 31 3.206646
24 32 5.707008
24 33 6.573519
24 34 9.478534
24 35 10.069653
24 36 9.577715
24 37 11.522802
24 38 11.669363
24 39 8.114139
24 40 8.432290
24 41 9.272305
24 42 10.217479
24 43 6.270731
24 44 6.232154
24 45 8.660401
24 46 5.878050
24 47 6.018419
24 48 7.035316
24 49 7.761221
25 26 1.316731
25 27 2.273551
25 28 2.324198
25 29 2.479887
25 30 2.763218
25 31 3.230931
25 32 4.597865
25 33 3.353609
25 34 6.961091
25 35 7.463574
25 36 6.486972
25 37 10.054540
25 38 9.900280
25 39 6.586276
25 40 6.268763
25 41 7.123863
25 42 7.239055
25 43 2.714469
25 44 3.414510
25 45 7.186062
25 46 2.655249
25 47 5.276383
25 48 7.678178
25 49 7.749553
26 27 1.317917
26 28 1.328993
26 29 2.780028
26 30 1.338004
26 31 2.856820
26 32 3.202924
26 33 3.793313
26 34 5.303422
26 35 8.028895
26 36 6.698481
26 37 10.300774
26 38 10.808911
26 39 8.009461
26 40 9.412372
26 41 9.221132
26 42 10.185501
26 43 7.008487
26 44 3.959433
26 45 7.893667
26 46 6.760925
26 47 7.173816
26 48 7.106215
26 49 6.228167
27 28 1.298378
27 29 2.680714
27 30 2.634929
27 31 2.772227
27 32 4.653027
27 33 6.558601
27 34 4.606603
27 35 5.427918
27 36 7.065550
27 37 8.420802
27 38 9.530127
27 39 5.768613
27 40 8.720797
27 41 7.283859
27 42 9.829274
27 43 8.172570
27 44 11.405300
27 45 10.771198
27 46 8.735913
27 47 10.532647
27 48 10.301415
27 49 10.427775
28 29 1.301317
28 30 2.563684
28 31 2.413451
28 32 2.385228
28 33 4.474531
28 34 6.162617
28 35 6.063265
28 36 5.737400
28 37 6.129491
28 38 6.417873
28 39 3.075602
28 40 2.406455
28 41 3.432610
28 42 4.628107
28 43 3.015994
28 44 5.072116
28 45 6.236852
28 46 5.982740
28 47 7.781084
28 48 9.822235
28 49 7.909632
29 30 1.301126
29 31 2.743216
29 32 2.410406
29 33 2.509441
29 34 4.450485
29 35 5.949050
29 36 6.308124
29 37 5.711180
29 38 6.904223
29 39 4.043663
29 40 4.531230
29 41 5.719633
29 42 7.915675
29 43 4.301658
29 44 8.045377
29 45 10.067563
29 46 5.903553
29 47 12.062645
29 48 13.576035
29 49 12.113104
30 31 1.309300
30 32 2.501840
30 33 2.648708
30 34 2.495672
30 35 2.932209
30 36 5.741842
30 37 6.358435
30 38 7.575712
30 39 5.855194
30 40 9.103754
30 41 7.094578
30 42 9.710748
30 43 9.414475
30 44 6.581624
30 45 9.441179
30 46 8.582776
30 47 7.167342
30 48 6.351347
30 49 3.269239
31 32 1.312067
31 33 2.849789
31 34 2.635913
31 35 2.265248
31 36 2.719456
31 37 3.506258
31 38 4.907029
31 39 3.467633
31 40 7.613559
31 41 4.376526
31 42 8.066432
31 43 9.314237
31 44 6.212731
31 45 6.832323
31 46 5.426904
31 47 3.324869
31 48 3.390792
31 49 3.064359
32 33 1.313905
32 34 2.907664
32 35 2.865562
32 36 2.341753
32 37 2.701671
32 38 2.788905
32 39 2.576645
32 40 3.322226
32 41 2.828072
32 42 5.155663
32 43 5.213340
32 44 7.055446
32 45 4.824695
32 46 2.795764
32 47 3.665109
32 48 2.885093
32 49 3.352725
33 34 1.317386
33 35 2.335872
33 36 2.622792
33 37 2.717707
33 38 4.752681
33 39 5.237379
33 40 7.345892
33 41 5.959950
33 42 8.675126
33 43 6.786287
33 44 3.452497
33 45 3.114588
33 46 3.566928
33 47 2.033610
33 48 3.979897
33 49 5.230436
34 35 1.315675
34 36 2.940007
34 37 3.107853
34 38 3.105269
34 39 5.245005
34 40 6.150916
34 41 7.435599
34 42 10.811263
34 43 8.857293
34 44 6.577854
34 45 3.253241
34 46 3.345845
34 47 4.742465
34 48 4.281931
34 49 7.019929
35 36 1.298386
35 37 2.386228
35 38 3.453688
35 39 3.314861
35 40 2.810253
35 41 4.553491
35 42 8.360189
35 43 5.026993
35 44 3.561336
35 45 2.483515
35 46 4.156043
35 47 5.532000
35 48 7.515873
35 49 9.901153
36 37 1.315527
36 38 2.330304
36 39 2.758761
36 40 3.774420
36 41 5.984624
36 42 7.049922
36 43 3.622841
36 44 3.368080
36 45 3.837379
36 46 6.469841
36 47 6.805971
36 48 10.027623
36 49 10.284014
37 38 1.289316
37 39 2.859565
37 40 5.274322
37 41 5.501179
37 42 5.063890
37 43 3.275207
37 44 5.108935
37 45 3.195347
37 46 7.992813
37 47 9.065279
37 48 12.665061
37 49 13.551240
38 39 1.321767
38 40 3.098885
38 41 3.574469
38 42 3.525181
38 43 4.845659
38 44 6.687171
38 45 5.324714
38 46 11.269998
38 47 11.732567
38 48 15.797460
38 49 12.129066
39 40 1.306548
39 41 3.182773
39 42 5.001950
39 43 3.904772
39 44 6.013692
39 45 6.618421
39 46 9.730214
39 47 11.148921
39 48 12.212998
39 49 8.457392
40 41 3.709581
40 42 6.787846
40 43 1.310558
40 44 2.981866
40 45 5.626778
40 46 7.723274
40 47 9.243091
40 48 10.481858
40 49 7.956006
41 42 1.331706
41 43 4.126104
41 44 7.153761
41 45 8.108093
41 46 11.953324
41 47 11.689072
41 48 12.643849
41 49 21.549835
42 43 1.330683
42 44 3.638613
42 45 6.548198
42 46 9.207995
42 47 9.475940
42 48 11.100842
42 49 16.115451
43 44 1.321191
43 45 2.993841
43 46 2.652655
43 47 6.066058
43 48 8.491742
43 49 6.076796
44 45 1.302986
44 46 3.045539
44 47 3.464182
44 48 7.183160
44 49 4.263874
45 46 1.319531
45 47 3.107869
45 48 2.780798
45 49 2.010574
46 47 1.270345
46 48 2.802420
46 49 5.349709
47 48 1.298649
47 49 3.203896
48 49 1.311223
