1 2 1.310250
1 3 2.506193
1 4 2.199630
1 5 4.040735
1 6 4.814327
1 7 3.673481
1 8 7.205576
1 9 7.026694
1 10 8.237103
1 11 12.233344
1 12 13.770475
1 13 10.417656
1 14 12.587003
1 15 10.430572
1 16 14.132089
1 17 10.454173
1 18 12.228612
1 19 9.933438
1 20 8.744086
1 21 10.374015
1 22 10.418827
1 23 11.068120
1 24 8.557418
1 25 6.321660
1 26 7.352012
1 27 9.920378
1 28 13.653674
1 29 14.288459
1 30 15.367364
1 31 12.580507
1 32 11.947785
1 33 10.496319
1 34 5.950749
1 35 3.497527
1 36 7.708356
1 37 10.668789
1 38 13.509757
1 39 10.804511
1 40 12.893826
1 41 18.091124
1 42 12.295330
1 43 14.165538
1 44 15.024038
1 45 13.292311
1 46 16.095462
1 47 21.251556
1 48 20.473948
1 49 15.750083
1 50 12.250052
1 51 9.338815
1 52 11.665766
1 53 6.159556
1 54 10.969259
1 55 7.559817
1 56 3.144994
1 57 7.144610
1 58 8.923530
1 59 28.795548
1 60 27.911674
1 61 8.574229
1 62 8.462912
1 63 7.312829
1 64 11.324330
1 65 13.149902
1 66 14.247621
1 67 15.823212
1 68 17.101328
1 69 13.495063
1 70 10.135538
1 71 11.215351
1 72 7.216648
1 73 12.062558
1 74 14.432645
1 75 14.393266
1 76 15.530543
2 3 1.326101
2 4 2.532019
2 5 2.499328
2 6 3.167314
2 7 5.389877
2 8 5.243047
2 9 5.434699
2 10 7.445062
2 11 11.464435
2 12 11.463503
2 13 7.504660
2 14 10.671417
2 15 7.767961
2 16 11.861442
2 17 11.197947
2 18 8.777402
2 19 8.350691
2 20 5.612184
2 21 7.944635
2 22 8.677489
2 23 10.645897
2 24 7.574302
2 25 5.208854
2 26 6.966487
2 27 8.289522
2 28 10.529426
2 29 13.902582
2 30 13.446055
2 31 8.848328
2 32 11.090893
2 33 7.405249
2 34 3.943942
2 35 3.013998
2 36 5.849545
2 37 8.022837
2 38 11.481518
2 39 8.296322
2 40 9.807060
2 41 21.863328
2 42 8.415797
2 43 10.280422
2 44 11.512213
2 45 12.640376
2 46 13.641933
2 47 17.286610
2 48 14.636233
2 49 12.615133
2 50 9.230739
2 51 6.451020
2 52 8.327057
2 53 3.155768
2 54 7.518672
2 55 4.515841
2 56 2.971532
2 57 6.895898
2 58 8.938215
2 59 30.933729
2 60 29.602917
2 61 6.790248
2 62 5.636443
2 63 4.665019
2 64 7.986751
2 65 9.525073
2 66 11.536762
2 67 15.136872
2 68 17.355489
2 69 13.556502
2 70 10.447049
2 71 11.182197
2 72 7.487982
2 73 11.971420
2 74 14.565077
2 75 14.078172
2 76 15.885058
3 4 1.295119
3 5 2.438159
3 6 3.335521
3 7 4.232185
3 8 5.149218
3 9 6.167615
3 10 6.675925
3 11 10.224806
3 12 9.246536
3 13 5.062209
3 14 8.736291
3 15 9.058018
3 16 11.656513
3 17 9.148293
3 18 4.929651
3 19 4.842787
3 20 3.412493
3 21 6.414663
3 22 4.935254
3 23 2.853054
3 24 2.820819
3 25 3.790797
3 26 2.756449
3 27 6.234888
3 28 7.649327
3 29 10.607223
3 30 10.367117
3 31 5.881932
3 32 9.491185
3 33 5.931955
3 34 3.609225
3 35 3.738205
3 36 5.911258
3 37 8.470071
3 38 11.684382
3 39 8.388773
3 40 8.384973
3 41 21.889221
3 42 5.440674
3 43 6.942154
3 44 9.194413
3 45 9.941781
3 46 12.042963
3 47 15.183523
3 48 12.387558
3 49 10.366475
3 50 7.031228
3 51 4.437515
3 52 8.186101
3 53 3.240683
3 54 8.793604
3 55 6.834662
3 56 5.625091
3 57 9.638837
3 58 10.886137
3 59 34.273498
3 60 33.037628
3 61 8.961465
3 62 7.321542
3 63 5.624082
3 64 7.161876
3 65 8.114845
3 66 10.289097
3 67 13.654864
3 68 15.869224
3 69 12.354306
3 70 10.917042
3 71 11.153739
3 72 9.296734
3 73 12.502772
3 74 14.187924
3 75 14.214670
3 76 21.253409
4 5 1.121091
4 6 3.010855
4 7 2.575292
4 8 4.482037
4 9 6.621815
4 10 7.946354
4 11 10.171352
4 12 9.919364
4 13 6.200344
4 14 8.763486
4 15 9.384095
4 16 11.939490
4 17 7.745784
4 18 4.194333
4 19 2.727570
4 20 3.021092
4 21 5.329299
4 22 6.693169
4 23 4.533882
4 24 2.833802
4 25 2.429912
4 26 2.891090
4 27 2.836181
4 28 5.214173
4 29 7.430787
4 30 6.697033
4 31 2.489154
4 32 6.243611
4 33 3.629001
4 34 2.478262
4 35 2.817950
4 36 5.553097
4 37 8.473664
4 38 9.540812
4 39 6.418391
4 40 6.412179
4 41 16.805849
4 42 2.973989
4 43 3.681988
4 44 5.956202
4 45 9.060822
4 46 5.977744
4 47 10.407038
4 48 8.249482
4 49 7.413067
4 50 3.981091
4 51 3.598487
4 52 8.296548
4 53 4.970985
4 54 10.401740
4 55 9.276468
4 56 7.772507
4 57 12.166020
4 58 13.810150
4 59 33.134004
4 60 32.583161
4 61 11.770820
4 62 9.913039
4 63 8.268221
4 64 8.260058
4 65 8.881593
4 66 7.620262
4 67 11.195763
4 68 13.848210
4 69 10.518128
4 70 9.378898
4 71 8.873246
4 72 8.092080
4 73 11.528318
4 74 11.277485
4 75 12.775136
4 76 21.072571
5 6 1.292257
5 7 2.970237
5 8 5.516230
5 9 6.726810
5 10 9.274147
5 11 12.793116
5 12 12.300305
5 13 8.804965
5 14 10.328654
5 15 9.972519
5 16 10.184811
5 17 7.098710
5 18 8.445906
5 19 4.823329
5 20 4.240277
5 21 6.199701
5 22 6.558283
5 23 5.545124
5 24 2.295073
5 25 2.328280
5 26 2.417325
5 27 1.883440
5 28 5.151891
5 29 6.827740
5 30 7.869541
5 31 4.938148
5 32 4.381141
5 33 5.398476
5 34 2.572275
5 35 2.365616
5 36 5.116619
5 37 9.508121
5 38 9.347988
5 39 8.106817
5 40 10.863093
5 41 13.122012
5 42 9.316097
5 43 8.860020
5 44 9.005536
5 45 4.826855
5 46 11.190721
5 47 14.379584
5 48 14.064104
5 49 12.722462
5 50 9.618172
5 51 7.357758
5 52 11.550207
5 53 8.378166
5 54 13.502592
5 55 12.134611
5 56 9.958143
5 57 14.378245
5 58 16.431459
5 59 32.032949
5 60 31.450972
5 61 14.705756
5 62 13.153450
5 63 11.627787
5 64 11.698447
5 65 12.477703
5 66 12.026001
5 67 11.025969
5 68 10.676114
5 69 7.017299
5 70 6.348884
5 71 5.275595
5 72 6.565017
5 73 11.241784
5 74 13.402019
5 75 16.999840
5 76 21.486800
6 7 1.303367
6 8 2.497191
6 9 2.937786
6 10 5.613610
6 11 9.730236
6 12 11.876401
6 13 9.242144
6 14 6.298567
6 15 6.928218
6 16 6.183586
6 17 4.670355
6 18 5.868166
6 19 2.028551
6 20 1.949510
6 21 2.755701
6 22 4.441330
6 23 5.925905
6 24 3.776641
6 25 2.005779
6 26 2.594438
6 27 3.040393
6 28 4.902510
6 29 8.504617
6 30 8.064660
6 31 5.811452
6 32 6.615555
6 33 4.602037
6 34 3.119478
6 35 2.334232
6 36 5.004751
6 37 7.161967
6 38 8.262913
6 39 7.992875
6 40 10.334964
6 41 10.977684
6 42 10.218895
6 43 7.146312
6 44 9.148721
6 45 8.232011
6 46 11.919073
6 47 16.018581
6 48 15.259597
6 49 14.797211
6 50 10.975309
6 51 8.143905
6 52 11.477663
6 53 8.202891
6 54 11.724211
6 55 9.764928
6 56 7.208391
6 57 11.075038
6 58 13.916519
6 59 30.990537
6 60 30.857853
6 61 12.644894
6 62 11.695969
6 63 11.079233
6 64 12.511328
6 65 14.388843
6 66 11.457712
6 67 15.497754
6 68 13.683995
6 69 11.302392
6 70 10.739011
6 71 7.348640
6 72 7.207515
6 73 11.900753
6 74 13.752136
6 75 16.195373
6 76 20.117849
7 8 1.303100
7 9 2.496148
7 10 4.856416
7 11 6.707918
7 12 9.386745
7 13 6.463571
7 14 5.140823
7 15 6.720127
7 16 6.777590
7 17 4.737278
7 18 7.834849
7 19 4.948675
7 20 3.438481
7 21 3.766254
7 22 3.065064
7 23 4.885113
7 24 4.625299
7 25 2.402909
7 26 2.991940
7 27 2.807270
7 28 6.168495
7 29 7.662683
7 30 8.763683
7 31 5.712695
7 32 3.075967
7 33 3.252065
7 34 2.718752
7 35 2.990089
7 36 6.384186
7 37 8.813053
7 38 8.904246
7 39 5.672214
7 40 8.343167
7 41 12.003416
7 42 9.643949
7 43 6.381217
7 44 8.253290
7 45 5.780734
7 46 10.663364
7 47 14.188880
7 48 16.115233
7 49 17.738339
7 50 14.262226
7 51 10.574915
7 52 12.592947
7 53 9.919156
7 54 11.641960
7 55 9.898724
7 56 7.390398
7 57 10.072555
7 58 13.214953
7 59 31.190870
7 60 31.129417
7 61 12.599686
7 62 12.250399
7 63 12.278943
7 64 14.475023
7 65 16.415309
7 66 12.493314
7 67 12.011704
7 68 11.510689
7 69 8.054239
7 70 8.078430
7 71 4.983769
7 72 5.211574
7 73 10.190770
7 74 12.709677
7 75 15.217595
7 76 20.704882
8 9 1.279989
8 10 2.465629
8 11 4.729098
8 12 6.455817
8 13 3.252751
8 14 2.019999
8 15 3.769190
8 16 4.086544
8 17 2.293350
8 18 3.815383
8 19 2.915490
8 20 1.988441
8 21 3.019399
8 22 3.096879
8 23 5.756255
8 24 6.083742
8 25 2.828017
8 26 4.136140
8 27 3.743531
8 28 6.373685
8 29 7.392318
8 30 9.013299
8 31 5.590182
8 32 7.449040
8 33 5.044231
8 34 3.390379
8 35 3.009481
8 36 5.259814
8 37 5.267707
8 38 6.809114
8 39 7.692549
8 40 9.313815
8 41 10.051691
8 42 9.300905
8 43 7.006798
8 44 9.522062
8 45 9.562681
8 46 13.235130
8 47 16.840096
8 48 19.359311
8 49 16.755296
8 50 13.460864
8 51 9.440040
8 52 10.826540
8 53 8.985927
8 54 10.900809
8 55 10.386975
8 56 8.917736
8 57 11.870863
8 58 15.122517
8 59 31.631951
8 60 31.549825
8 61 13.641236
8 62 12.730832
8 63 12.855860
8 64 13.485748
8 65 14.969219
8 66 11.869651
8 67 15.379504
8 68 15.324112
8 69 11.958309
8 70 11.413495
8 71 7.935266
8 72 6.796071
8 73 11.625782
8 74 14.383374
8 75 15.842382
8 76 21.953228
9 10 1.295978
9 11 2.730634
9 12 5.367323
9 13 3.086321
9 14 3.026950
9 15 3.013633
9 16 5.830105
9 17 4.457875
9 18 5.513218
9 19 3.891214
9 20 4.692426
9 21 4.919507
9 22 3.176225
9 23 5.189592
9 24 7.124404
9 25 4.651956
9 26 6.828970
9 27 6.796274
9 28 9.497242
9 29 10.858447
9 30 9.514720
9 31 6.270491
9 32 8.773430
9 33 7.082831
9 34 4.750619
9 35 2.495162
9 36 3.162784
9 37 4.490947
9 38 6.675129
9 39 8.708914
9 40 10.628810
9 41 13.477257
9 42 11.389948
9 43 9.817092
9 44 11.294283
9 45 9.843194
9 46 12.684515
9 47 15.548716
9 48 15.097694
9 49 14.449176
9 50 11.282761
9 51 6.782474
9 52 7.867907
9 53 5.370096
9 54 7.486242
9 55 6.374316
9 56 5.553459
9 57 8.811502
9 58 11.916205
9 59 33.362992
9 60 32.675167
9 61 9.793380
9 62 8.656313
9 63 8.868369
9 64 10.010745
9 65 11.906227
9 66 10.169825
9 67 14.534568
9 68 16.204829
9 69 12.505521
9 70 12.940368
9 71 9.586589
9 72 6.779285
9 73 10.612954
9 74 13.818804
9 75 13.715627
9 76 23.474196
10 11 1.324224
10 12 2.546599
10 13 2.516390
10 14 2.547113
10 15 1.309945
10 16 2.580087
10 17 2.518569
10 18 3.858046
10 19 4.669797
10 20 3.274970
10 21 4.937956
10 22 3.500921
10 23 5.783545
10 24 5.545349
10 25 5.297333
10 26 6.924058
10 27 7.815555
10 28 6.877036
10 29 9.862017
10 30 10.502477
10 31 6.915306
10 32 9.516348
10 33 8.087831
10 34 5.334986
10 35 2.742298
10 36 3.855410
10 37 2.911949
10 38 4.759033
10 39 5.616295
10 40 7.869035
10 41 15.041382
10 42 10.609226
10 43 8.946259
10 44 10.526766
10 45 8.001829
10 46 13.431453
10 47 15.285598
10 48 15.575826
10 49 15.143954
10 50 12.082176
10 51 7.740555
10 52 6.978483
10 53 5.103218
10 54 6.425162
10 55 6.531620
10 56 6.045095
10 57 7.943538
10 58 11.257184
10 59 36.975992
10 60 35.980634
10 61 9.853902
10 62 9.478189
10 63 10.121279
10 64 10.870408
10 65 12.223445
10 66 9.923313
10 67 13.710386
10 68 14.328704
10 69 10.776425
10 70 11.025650
10 71 8.015802
10 72 8.782968
10 73 8.761455
10 74 12.810509
10 75 16.435768
10 76 27.241477
11 12 1.308086
11 13 2.827557
11 14 2.964053
11 15 5.130423
11 16 7.730866
11 17 5.190709
11 18 6.174986
11 19 8.766093
11 20 6.948781
11 21 5.447744
11 22 3.244770
11 23 3.350417
11 24 6.178856
11 25 7.450926
11 26 9.781951
11 27 12.334295
11 28 6.928755
11 29 11.909117
11 30 15.923769
11 31 13.862974
11 32 17.927382
11 33 14.620036
11 34 10.390183
11 35 10.047390
11 36 13.981829
11 37 17.099381
11 38 20.869880
11 39 15.475001
11 40 16.157403
11 41 14.943654
11 42 13.254526
11 43 12.483203
11 44 18.386600
11 45 21.844509
11 46 23.649706
11 47 27.456462
11 48 29.553326
11 49 31.053004
11 50 28.366977
11 51 28.366276
11 52 25.123523
11 53 26.756835
11 54 29.987341
11 55 32.663174
11 56 32.446732
11 57 34.856328
11 58 35.505413
11 59 38.998414
11 60 38.574181
11 61 35.302999
11 62 34.855684
11 63 32.369612
11 64 29.642734
11 65 28.907476
11 66 26.360797
11 67 27.571238
11 68 26.551341
11 69 24.953884
11 70 22.747874
11 71 17.367832
11 72 20.131003
11 73 22.920359
11 74 26.226363
11 75 27.006701
11 76 29.747816
12 13 1.325598
12 14 3.104036
12 15 3.609585
12 16 8.525873
12 17 4.164755
12 18 3.557229
12 19 6.631860
12 20 6.523941
12 21 7.381618
12 22 5.446531
12 23 6.755830
12 24 9.962015
12 25 10.697296
12 26 10.922554
12 27 11.907950
12 28 8.914526
12 29 12.503643
12 30 14.095011
12 31 11.762608
12 32 15.567821
12 33 13.921218
12 34 11.648798
12 35 10.403706
12 36 13.403659
12 37 16.017043
12 38 21.021950
12 39 15.639397
12 40 13.825528
12 41 15.754104
12 42 10.374269
12 43 9.581434
12 44 14.586185
12 45 21.067218
12 46 22.275807
12 47 24.939058
12 48 28.329655
12 49 29.624706
12 50 26.624287
12 51 27.598955
12 52 24.375348
12 53 25.726011
12 54 28.672900
12 55 31.335523
12 56 30.817047
12 57 34.501781
12 58 34.803167
12 59 38.173152
12 60 37.376555
12 61 34.244025
12 62 34.137176
12 63 31.623081
12 64 29.160367
12 65 28.637086
12 66 26.505632
12 67 28.477309
12 68 26.040756
12 69 26.784159
12 70 23.927620
12 71 20.274296
12 72 20.599523
12 73 22.895659
12 74 26.359892
12 75 27.194016
12 76 30.872471
13 14 1.318387
13 15 2.566162
13 16 5.668129
13 17 3.183269
13 18 3.407670
13 19 4.921970
13 20 2.477194
13 21 4.380584
13 22 4.822855
13 23 6.830057
13 24 7.666411
13 25 9.165182
13 26 6.865705
13 27 8.037062
13 28 5.955019
13 29 9.830139
13 30 12.006057
13 31 9.070562
13 32 12.993415
13 33 10.285583
13 34 8.354001
13 35 6.681284
13 36 9.461871
13 37 12.201562
13 38 14.388241
13 39 12.047637
13 40 10.573774
13 41 12.310812
13 42 7.306082
13 43 7.741212
13 44 11.887540
13 45 15.213126
13 46 15.857611
13 47 22.687624
13 48 25.979498
13 49 27.624101
13 50 24.620531
13 51 24.091871
13 52 20.764281
13 53 22.031299
13 54 25.049828
13 55 27.668982
13 56 27.236509
13 57 30.677537
13 58 31.096801
13 59 34.487211
13 60 33.679236
13 61 30.507050
13 62 30.371243
13 63 27.899346
13 64 25.423219
13 65 25.014658
13 66 23.003265
13 67 25.070950
13 68 23.294297
13 69 23.675161
13 70 20.718937
13 71 13.803287
13 72 11.946218
13 73 15.697413
13 74 22.662905
13 75 23.471001
13 76 27.951268
14 15 1.324496
14 16 3.423164
14 17 2.884651
14 18 5.090950
14 19 6.108411
14 20 2.907305
14 21 3.792512
14 22 3.088389
14 23 3.705799
14 24 6.189382
14 25 7.829005
14 26 7.404680
14 27 9.018476
14 28 5.387074
14 29 9.669312
14 30 12.848872
14 31 10.468099
14 32 13.371574
14 33 9.748667
14 34 5.497816
14 35 5.852570
14 36 9.701589
14 37 12.814961
14 38 14.470706
14 39 10.767112
14 40 10.701864
14 41 10.285672
14 42 9.324878
14 43 9.059942
14 44 12.824032
14 45 15.512335
14 46 15.984908
14 47 22.783100
14 48 24.972899
14 49 26.457457
14 50 23.575204
14 51 23.630417
14 52 20.485959
14 53 22.335755
14 54 25.574365
14 55 28.431070
14 56 28.494861
14 57 29.750885
14 58 30.643370
14 59 34.211806
14 60 34.678018
14 61 31.282397
14 62 30.693027
14 63 27.950373
14 64 25.201668
14 65 24.317153
14 66 21.831043
14 67 23.476262
14 68 22.179916
14 69 21.731758
14 70 16.751501
14 71 12.904870
14 72 12.696893
14 73 17.189222
14 74 22.080675
14 75 23.329708
14 76 26.285394
15 16 1.303493
15 17 1.312544
15 18 2.838582
15 19 5.836382
15 20 2.830052
15 21 3.110198
15 22 3.120102
15 23 3.838479
15 24 2.768598
15 25 5.594270
15 26 7.169592
15 27 8.344932
15 28 5.100971
15 29 8.428868
15 30 11.598799
15 31 8.556582
15 32 10.416122
15 33 7.912341
15 34 4.020692
15 35 3.345161
15 36 3.110170
15 37 3.728776
15 38 5.039528
15 39 4.167356
15 40 5.354359
15 41 6.302313
15 42 6.242865
15 43 7.618895
15 44 8.564942
15 45 8.071903
15 46 8.573411
15 47 13.054477
15 48 14.907215
15 49 14.415601
15 50 11.822168
15 51 7.671947
15 52 4.878152
15 53 3.092186
15 54 2.974968
15 55 4.080599
15 56 6.254601
15 57 8.963517
15 58 11.817432
15 59 33.486274
15 60 31.599135
15 61 8.923193
15 62 7.620566
15 63 8.006701
15 64 8.616954
15 65 10.364645
15 66 9.247741
15 67 12.064203
15 68 12.497982
15 69 9.259302
15 70 10.198644
15 71 6.621146
15 72 6.510082
15 73 5.930898
15 74 10.331937
15 75 13.407065
15 76 26.224847
16 17 1.292081
16 18 2.977936
16 19 3.155697
16 20 2.763435
16 21 5.069765
16 22 4.914021
16 23 7.907206
16 24 6.335841
16 25 3.355186
16 26 7.226078
16 27 7.893575
16 28 5.935673
16 29 9.785818
16 30 9.317792
16 31 7.777643
16 32 9.826340
16 33 6.156161
16 34 3.014758
16 35 4.629615
16 36 6.392830
16 37 4.222305
16 38 4.762399
16 39 3.951260
16 40 6.282420
16 42 6.170093
16 43 5.653818
16 44 9.203663
16 45 7.738099
16 46 12.787573
16 47 15.357165
16 48 16.279443
16 49 16.251105
16 50 13.836132
16 51 9.442430
16 52 7.871928
16 53 6.849406
16 54 7.385064
16 55 8.633297
16 56 10.552447
16 57 12.976287
16 58 15.944333
16 60 33.322936
16 61 13.350194
16 62 12.184055
16 63 12.074229
16 64 11.929669
16 65 12.776052
16 66 10.510363
16 67 13.681809
16 68 13.219424
16 69 10.126573
16 70 9.802030
16 71 6.248896
16 72 7.835794
16 73 8.457491
16 74 12.507481
16 75 15.831198
17 18 1.296755
17 19 2.425315
17 20 2.407334
17 21 3.286080
17 22 4.922802
17 23 7.620299
17 24 7.054014
17 25 5.003202
17 26 6.524903
17 27 5.572160
17 28 3.344320
17 29 6.533374
17 30 8.638976
17 31 5.090764
17 32 8.535442
17 33 5.273799
17 34 2.554147
17 35 3.103356
17 36 5.574196
17 37 4.572897
17 38 5.033743
17 39 4.980923
17 40 5.873944
17 41 4.506848
17 42 5.970415
17 43 3.948009
17 44 8.480625
17 45 8.375772
17 46 11.256105
17 47 15.480598
17 48 17.180765
17 49 17.196374
17 50 13.998335
17 51 10.337430
17 52 9.874292
17 53 8.440268
17 54 8.862591
17 55 9.654235
17 56 9.841576
17 57 11.137824
17 58 14.367789
17 59 32.680056
17 60 33.152660
17 61 13.361960
17 62 13.148209
17 63 13.742768
17 64 13.974189
17 65 14.780058
17 66 11.811422
17 67 15.614746
17 68 15.318210
17 69 11.744674
17 70 11.375564
17 71 8.276019
17 72 9.391415
17 73 10.862208
17 74 14.806430
17 75 20.381815
17 76 24.293590
18 19 1.303121
18 20 2.308327
18 21 3.779837
18 22 6.577952
18 23 8.409430
18 24 5.413130
18 25 2.981246
18 26 4.941903
18 27 2.692547
18 28 2.481150
18 29 3.139425
18 30 5.885551
18 31 2.703032
18 32 6.301683
18 33 6.493033
18 34 5.503010
18 35 6.971235
18 36 5.492977
18 37 4.294613
18 38 3.518137
18 39 3.175728
18 40 3.174766
18 41 3.135134
18 42 2.744402
18 43 2.898436
18 44 7.090823
18 45 6.279986
18 46 12.026175
18 47 14.609454
18 48 15.897207
18 49 16.307221
18 50 12.925019
18 51 9.941704
18 52 10.742080
18 53 9.646705
18 54 11.245023
18 55 11.897091
18 56 12.687559
18 57 15.063370
18 58 20.144305
18 59 35.282587
18 60 35.624527
18 61 16.100625
18 62 14.867753
18 63 14.907842
18 64 14.155000
18 65 14.462335
18 66 10.671084
18 67 14.739053
18 68 14.541905
18 69 10.302688
18 70 9.807281
18 71 7.165875
18 72 9.317286
18 73 11.553729
18 74 14.942694
18 75 18.691831
18 76 26.823869
19 20 1.303052
19 21 3.749817
19 22 6.813532
19 23 7.888902
19 24 6.806516
19 25 6.802477
19 26 3.665528
19 27 2.524963
19 28 2.443829
19 29 2.943125
19 30 5.019847
19 31 2.656609
19 32 5.549787
19 33 3.084543
19 34 3.138693
19 35 4.817035
19 36 4.626170
19 37 4.490003
19 38 4.602613
19 39 5.037820
19 40 4.176705
19 41 3.294912
19 42 2.777841
19 43 1.968814
19 44 5.343273
19 45 7.671204
19 46 10.530206
19 47 13.325411
19 48 14.869201
19 49 15.031933
19 50 10.986182
19 51 8.750223
19 52 10.878488
19 53 9.723297
19 54 11.963302
19 55 12.198829
19 56 11.655670
19 57 14.836927
19 58 18.057748
19 59 34.160466
19 60 34.226797
19 61 15.883646
19 62 14.479729
19 63 14.477387
19 64 13.428430
19 65 14.253998
19 66 10.524580
19 67 14.697157
19 68 13.727130
19 69 11.362299
19 70 11.847761
19 71 8.710879
19 72 9.890951
19 73 12.440698
19 74 15.460167
19 75 21.713665
19 76 25.360440
20 21 1.300688
20 22 2.881644
20 23 5.499778
20 24 4.171863
20 25 3.176432
20 26 2.557616
20 27 3.074944
20 28 2.962375
20 29 4.112416
20 30 6.752445
20 31 4.359864
20 32 6.650962
20 33 3.366744
20 34 3.026137
20 35 5.191619
20 36 7.263199
20 37 7.120748
20 38 7.168018
20 39 5.441719
20 40 5.016656
20 41 4.419399
20 42 4.468405
20 43 2.020429
20 44 6.013189
20 45 9.137468
20 46 11.348434
20 47 14.550117
20 48 20.991949
20 49 20.804079
20 50 14.526072
20 51 11.674050
20 52 13.429157
20 53 11.944467
20 54 13.945337
20 55 13.910325
20 56 12.747849
20 57 15.566553
20 58 20.888996
20 59 34.787482
20 60 35.103091
20 61 20.573250
20 62 16.227206
20 63 16.398835
20 64 16.030919
20 65 17.019665
20 66 13.366942
20 67 17.247833
20 68 14.618666
20 69 13.157160
20 70 12.425819
20 71 9.608274
20 72 9.700252
20 73 14.551820
20 74 17.982074
20 75 23.321420
20 76 24.849697
21 22 1.303659
21 23 2.352958
21 24 1.330883
21 25 2.409880
21 26 2.405222
21 27 3.312934
21 28 2.690255
21 29 3.626446
21 30 7.874235
21 31 5.981777
21 32 8.276012
21 33 5.803811
21 34 4.196385
21 35 5.695138
21 36 8.938394
21 37 7.807833
21 38 7.847702
21 39 7.434905
21 40 6.355023
21 41 8.685650
21 42 8.698246
21 43 5.689775
21 44 9.733925
21 45 10.873342
21 46 14.920173
21 47 20.576005
21 48 22.809305
21 49 23.348893
21 50 20.252138
21 51 13.749192
21 52 13.997282
21 53 12.428133
21 54 13.485985
21 55 13.922585
21 56 13.784219
21 57 15.791721
21 58 23.212648
21 59 36.483898
21 60 35.910542
21 61 22.980776
21 62 21.468262
21 63 20.424815
21 64 21.274481
21 65 21.359341
21 66 14.904664
21 67 21.390991
21 68 17.187877
21 69 14.655254
21 70 14.208730
21 71 11.088672
21 72 13.060352
21 73 15.236440
21 74 22.190304
21 75 25.310938
21 76 27.617130
22 23 1.294757
22 24 2.735301
22 25 2.912837
22 26 3.180357
22 27 6.793392
22 28 4.391057
22 29 8.333391
22 30 11.147437
22 31 9.614077
22 32 13.172755
22 33 10.976239
22 34 7.592394
22 35 9.644721
22 36 12.669477
22 37 11.783747
22 38 11.633044
22 39 10.694507
22 40 9.442181
22 41 22.225644
22 42 12.334578
22 43 10.594235
22 44 14.922484
22 45 14.418253
22 46 21.959220
22 47 25.220424
22 48 26.979852
22 49 26.402676
22 50 23.265163
22 51 20.828140
22 52 20.141506
22 53 16.234268
22 54 17.063715
22 55 17.260902
22 56 16.511974
22 57 18.251070
22 58 23.275276
22 59 42.274041
22 60 37.511779
22 61 23.649848
22 62 22.610656
22 63 22.121966
22 64 23.514544
22 65 24.055582
22 66 22.835384
22 67 24.849176
22 68 22.552026
22 69 20.253969
22 70 18.084382
22 71 15.123266
22 72 15.306523
22 73 21.401918
22 74 22.820180
22 75 25.977831
22 76 27.462505
23 24 1.303947
23 25 2.895557
23 26 3.074389
23 27 5.295245
23 28 6.104466
23 29 4.049009
23 30 8.514716
23 31 9.922239
23 32 12.542380
23 33 11.327401
23 34 9.986015
23 35 11.077520
23 36 14.486297
23 37 13.253018
23 38 12.471096
23 39 9.113021
23 40 9.322659
23 41 15.423176
23 42 11.807648
23 43 12.914388
23 44 15.584726
23 45 20.055594
23 46 23.474890
23 47 25.699767
23 48 27.917338
23 49 27.584884
23 50 24.730315
23 51 22.342235
23 52 21.133086
23 53 20.510227
23 54 17.713601
23 55 18.497913
23 56 20.367583
23 57 21.520731
23 58 25.249377
23 59 41.422137
23 60 39.790496
23 61 25.408183
23 62 23.978866
23 63 23.580070
23 64 24.727214
23 65 25.251449
23 66 23.707536
23 67 25.943411
23 68 23.801001
23 69 21.265223
23 70 17.055001
23 71 14.630429
23 72 17.316722
23 73 22.265371
23 74 25.499279
23 75 27.688064
23 76 29.270496
24 25 1.305357
24 26 2.409803
24 27 4.424658
24 28 5.139806
24 29 4.940410
24 30 8.763390
24 31 8.912142
24 32 11.182763
24 33 11.020929
24 34 8.366657
24 35 10.601884
24 36 12.694102
24 37 11.059585
24 38 9.130520
24 39 6.248417
24 40 5.338623
24 41 16.633410
24 42 7.908477
24 43 9.193056
24 44 11.734836
24 45 11.309491
24 46 20.707693
24 47 22.678609
24 48 25.125231
24 49 25.081493
24 50 22.488020
24 51 20.271080
24 52 17.054826
24 53 16.041068
24 54 16.751216
24 55 17.844118
24 56 18.650993
24 57 21.384492
24 58 24.977719
24 59 39.464561
24 60 39.171521
24 61 24.584132
24 62 22.642919
24 63 21.944249
24 64 22.625139
24 65 22.913369
24 66 21.041786
24 67 22.815265
24 68 20.585244
24 69 14.004999
24 70 13.671665
24 71 11.302954
24 72 13.654000
24 73 17.342725
24 74 22.976934
24 75 25.739119
24 76 28.565459
25 26 1.294010
25 27 3.766486
25 28 6.751861
25 29 9.094736
25 30 9.024651
25 31 7.957212
25 32 9.263231
25 33 8.264169
25 34 6.245993
25 35 7.517216
25 36 9.898467
25 37 7.851346
25 38 5.615792
25 39 2.031441
25 40 2.382902
25 41 14.938070
25 42 4.867981
25 43 6.801008
25 44 9.112367
25 45 7.843432
25 46 14.798444
25 47 16.829923
25 48 21.584963
25 49 21.764024
25 50 17.111775
25 51 13.553943
25 52 13.185107
25 53 12.542065
25 54 13.270481
25 55 14.542725
25 56 16.135984
25 57 21.079812
25 58 24.429622
25 59 35.817739
25 60 35.376666
25 61 23.514732
25 62 21.230174
25 63 17.771826
25 64 20.131670
25 65 17.087041
25 66 13.843091
25 67 16.591059
25 68 15.151968
25 69 11.632244
25 70 9.774567
25 71 7.306533
25 72 9.988986
25 73 12.957241
25 74 16.417451
25 75 22.946136
25 76 24.882855
26 27 1.304483
26 28 2.897555
26 29 5.308475
26 30 6.335309
26 31 5.076520
26 32 6.704281
26 33 6.913609
26 34 4.391143
26 35 7.194564
26 36 10.471167
26 37 10.684776
26 38 7.445010
26 39 6.366965
26 40 2.901594
26 41 12.357016
26 42 5.717678
26 43 6.772905
26 44 9.511879
26 45 7.796562
26 46 14.333804
26 47 16.010129
26 48 20.513600
26 49 23.281894
26 50 20.535209
26 51 16.115022
26 52 16.939077
26 53 16.244402
26 54 17.631657
26 55 20.038401
26 56 21.658165
26 57 23.985093
26 58 27.321344
26 59 36.243438
26 60 35.984930
26 61 26.464018
26 62 24.305491
26 63 22.745253
26 64 22.697143
26 65 22.058629
26 66 16.057409
26 67 12.678731
26 68 11.030058
26 69 8.743959
26 70 10.301733
26 71 9.082952
26 72 9.648323
26 73 13.797760
26 74 15.371261
26 75 22.689191
26 76 25.799256
27 28 1.285711
27 29 2.934292
27 30 3.371531
27 31 2.570041
27 32 2.575507
27 33 2.737219
27 34 3.048509
27 35 3.374666
27 36 6.276173
27 37 8.159848
27 38 5.451486
27 39 6.331153
27 40 2.819332
27 41 9.583396
27 42 5.580899
27 43 3.877634
27 44 6.050532
27 45 4.471778
27 46 10.470639
27 47 12.929216
27 48 14.067491
27 49 21.515393
27 50 13.775581
27 51 12.495791
27 52 14.517719
27 53 13.777045
27 54 15.983325
27 55 16.386064
27 56 20.720205
27 57 23.109054
27 58 26.345755
27 59 35.555765
27 60 35.169464
27 61 25.633743
27 62 23.821187
27 63 22.054878
27 64 22.146967
27 65 21.293431
27 66 12.601747
27 67 11.412549
27 68 9.117083
27 69 6.533150
27 70 7.033730
27 71 6.886757
27 72 9.065021
27 73 13.247580
27 74 16.141066
27 75 23.132365
27 76 25.233298
28 29 1.304425
28 30 2.330212
28 31 2.534931
28 32 5.004528
28 33 5.857724
28 34 5.333507
28 35 7.747396
28 36 10.735686
28 37 13.380300
28 38 9.972849
28 39 8.971714
28 40 5.409962
28 41 7.928029
28 42 4.427192
28 43 3.483745
28 44 6.004113
28 45 9.753424
28 46 12.740532
28 47 15.144373
28 48 20.425320
28 49 23.745862
28 50 20.671996
28 51 20.035592
28 52 20.464443
28 53 21.222142
28 54 22.516423
28 55 22.949749
28 56 23.830047
28 57 26.324412
28 58 29.433278
28 59 38.379126
28 60 37.988875
28 61 28.666794
28 62 26.904480
28 63 24.844813
28 64 24.657779
28 65 23.426920
28 66 20.403129
28 67 15.965599
28 68 12.366069
28 69 11.613440
28 70 12.820167
28 71 11.531658
28 72 13.260714
28 73 21.036362
28 74 23.192852
28 75 26.224837
28 76 28.164843
29 30 1.300525
29 31 2.530177
29 32 4.426897
29 33 6.358892
29 34 6.734849
29 35 9.098536
29 36 11.540740
29 37 11.937693
29 38 8.452015
29 39 9.545979
29 40 6.409891
29 41 10.806346
29 42 6.375116
29 43 3.864323
29 44 5.809120
29 45 10.201694
29 46 11.842898
29 47 15.506182
29 48 17.965549
29 49 20.919267
29 50 14.186418
29 51 14.752797
29 52 17.047441
29 53 16.812952
29 54 20.705872
29 55 21.169702
29 56 21.821105
29 57 24.559573
29 58 27.386567
29 59 40.164209
29 60 39.824983
29 61 26.449318
29 62 24.779809
29 63 22.428524
29 64 22.124893
29 65 20.684763
29 66 14.619272
29 67 16.921456
29 68 13.232173
29 69 12.011690
29 70 14.235622
29 71 12.256274
29 72 13.795616
29 73 20.552255
29 74 23.426084
29 75 27.056480
29 76 30.467679
30 31 1.303842
30 32 2.502789
30 33 5.639982
30 34 5.764465
30 35 8.473034
30 36 8.300973
30 37 8.714517
30 38 5.598483
30 39 8.215236
30 40 5.819105
30 41 9.513992
30 42 4.869689
30 43 2.727233
30 44 2.527864
30 45 6.953926
30 46 8.092081
30 47 11.711767
30 48 13.461982
30 49 14.492045
30 50 10.026402
30 51 10.771691
30 52 12.991440
30 53 13.394584
30 54 16.014340
30 55 17.122029
30 56 20.047807
30 57 23.112029
30 58 25.780405
30 59 39.200119
30 60 38.063774
30 61 24.403155
30 62 22.342820
30 63 17.862527
30 64 15.266793
30 65 14.777358
30 66 10.509378
30 67 14.051494
30 68 10.422612
30 69 10.134256
30 70 11.510239
30 71 10.371353
30 72 12.527169
30 73 15.016874
30 74 16.340449
30 75 23.419808
30 76 28.720977
31 32 1.302624
31 33 2.615233
31 34 3.464836
31 35 6.443444
31 36 4.440314
31 37 4.552887
31 38 2.555188
31 39 5.621315
31 40 6.067604
31 41 6.939265
31 42 3.455120
31 43 2.765213
31 44 2.842680
31 45 4.398436
31 46 7.674132
31 47 10.458605
31 48 11.659943
31 49 12.346716
31 50 8.555413
31 51 7.177233
31 52 9.271709
31 53 9.909586
31 54 11.872557
31 55 13.063367
31 56 13.723049
31 57 17.055727
31 58 22.057127
31 59 35.733187
31 60 34.929340
31 61 20.613267
31 62 15.075343
31 63 14.016735
31 64 11.827391
31 65 11.494140
31 66 7.239465
31 67 11.486470
31 68 8.999239
31 69 7.777383
31 70 8.859440
31 71 7.389904
31 72 8.979151
31 73 10.834713
31 74 12.717353
31 75 20.720279
31 76 24.949448
32 33 1.301634
32 34 3.473534
32 35 4.764595
32 36 5.278062
32 37 6.192615
32 38 4.235492
32 39 5.020710
32 40 6.409349
32 41 8.974376
32 42 5.468186
32 43 2.513479
32 44 2.825905
32 45 2.565845
32 46 3.865698
32 47 7.023611
32 48 7.905485
32 49 9.548032
32 50 5.298852
32 51 6.536467
32 52 8.627082
32 53 9.905875
32 54 12.437070
32 55 14.072840
32 56 14.919341
32 57 20.881447
32 58 23.062491
32 59 33.016955
32 60 32.007039
32 61 21.033464
32 62 15.616666
32 63 13.918432
32 64 10.990154
32 65 10.041528
32 66 5.810430
32 67 7.063788
32 68 3.435044
32 69 4.829727
32 70 5.709507
32 71 4.768251
32 72 7.644171
32 73 10.864637
32 74 11.719079
32 75 15.979007
32 76 22.240562
33 34 1.300439
33 35 2.748053
33 36 3.460549
33 37 3.741538
33 38 4.154769
33 39 1.970140
33 40 3.095174
33 41 6.515902
33 42 4.257624
33 43 2.029377
33 44 2.812514
33 45 3.266527
33 46 4.094998
33 47 5.474622
33 48 6.306897
33 49 7.172716
33 50 3.993891
33 51 4.055086
33 52 5.520143
33 53 7.286651
33 54 10.105882
33 55 11.857756
33 56 12.273891
33 57 16.018159
33 58 18.594246
33 59 30.255663
33 60 29.526804
33 61 15.325122
33 62 12.993441
33 63 11.119662
33 64 8.104311
33 65 6.328212
33 66 2.029778
33 67 5.764960
33 68 7.462321
33 69 3.482340
33 70 5.394334
33 71 2.747203
33 72 5.468626
33 73 7.625802
33 74 7.723829
33 75 12.175157
33 76 17.512880
34 35 1.287834
34 36 2.544808
34 37 4.440301
34 38 5.339405
34 39 2.954776
34 40 3.188494
34 41 8.014293
34 42 3.717407
34 43 3.656716
34 44 5.386316
34 45 4.941110
34 46 6.792890
34 47 10.119148
34 48 9.962959
34 49 9.477920
34 50 6.203109
34 51 2.627646
34 52 6.100092
34 53 4.878089
34 54 8.756570
34 55 9.344896
34 56 9.392571
34 57 13.279793
34 58 15.784211
34 59 26.281509
34 60 26.304351
34 61 12.733883
34 62 10.540540
34 63 9.719493
34 64 7.480982
34 65 8.756091
34 66 5.900538
34 67 10.029734
34 68 10.939496
34 69 7.137989
34 70 6.128172
34 71 3.409633
34 72 4.962762
34 73 8.546412
34 74 10.693215
34 75 13.066857
34 76 17.973213
35 36 1.289848
35 37 3.522104
35 38 4.955868
35 39 2.894200
35 40 3.838027
35 41 10.020826
35 42 3.607791
35 43 5.130180
35 44 6.558713
35 45 4.681976
35 46 7.661765
35 47 11.510593
35 48 12.041698
35 49 10.959411
35 50 7.499458
35 51 3.425885
35 52 6.359815
35 53 2.950890
35 54 7.142649
35 55 6.465989
35 56 3.913135
35 57 7.791957
35 58 10.575251
35 59 25.364008
35 60 24.821219
35 61 9.278282
35 62 7.775800
35 63 7.004856
35 64 6.969342
35 65 9.082301
35 66 8.053850
35 67 10.256960
35 68 10.403032
35 69 7.624266
35 70 5.591087
35 71 2.436943
35 72 2.321225
35 73 6.051041
35 74 9.333729
35 75 10.957109
35 76 13.203154
36 37 1.296354
36 38 2.811273
36 39 2.801067
36 40 3.153751
36 41 7.828418
36 42 6.468452
36 43 7.137267
36 44 6.718247
36 45 6.243440
36 46 4.939085
36 47 9.880272
36 48 11.654665
36 49 11.237420
36 50 6.052709
36 51 3.878764
36 52 5.330844
36 53 3.756665
36 54 6.424407
36 55 6.844561
36 56 7.233417
36 57 10.714346
36 58 13.477624
36 59 22.141210
36 60 21.603473
36 61 10.467656
36 62 8.550359
36 63 8.235874
36 64 7.543627
36 65 9.080659
36 66 6.343096
36 67 9.728084
36 68 10.055051
36 69 8.803467
36 70 6.576762
36 71 2.860391
36 72 2.892934
36 73 5.169044
36 74 8.636688
36 75 10.187846
36 76 12.197459
37 38 1.300951
37 39 2.780040
37 40 3.194409
37 41 6.843268
37 42 7.340607
37 43 6.323948
37 44 6.703227
37 45 3.739361
37 46 2.778472
37 47 7.294438
37 48 8.821335
37 49 8.328127
37 50 2.679033
37 51 3.342036
37 52 2.762223
37 53 2.702706
37 54 5.930116
37 55 7.175011
37 56 7.234087
37 57 12.081431
37 58 13.168851
37 59 20.462197
37 60 20.233319
37 61 9.822884
37 62 9.308402
37 63 8.397972
37 64 5.482978
37 65 5.943267
37 66 3.087556
37 67 6.391050
37 68 7.669432
37 69 3.945482
37 70 5.341663
37 71 2.606579
37 72 2.861291
37 73 2.663797
37 74 5.533710
37 75 5.291556
37 76 7.718376
38 39 1.303199
38 40 3.129472
38 41 7.206251
38 42 5.124628
38 43 2.026683
38 44 2.959669
38 45 2.991734
38 46 2.333106
38 47 3.809196
38 48 5.254992
38 49 6.659631
38 50 3.000739
38 51 4.022225
38 52 3.201450
38 53 6.142926
38 54 8.863926
38 55 10.101165
38 56 12.282070
38 57 13.046420
38 58 14.768841
38 59 21.901882
38 60 21.521462
38 61 13.499177
38 62 11.582479
38 63 9.634474
38 64 5.787546
38 65 4.489871
38 66 1.949445
38 67 3.899836
38 68 3.958793
38 69 5.605575
38 70 2.713947
38 71 2.400192
38 72 2.926891
38 73 3.164269
38 74 4.245405
38 75 8.012446
38 76 10.765756
39 40 1.297147
39 41 3.507474
39 42 3.178617
39 43 3.243165
39 44 2.806372
39 45 3.299663
39 46 3.093419
39 47 6.695059
39 48 9.477299
39 49 10.519749
39 50 5.350776
39 51 7.973044
39 52 6.456426
39 53 9.640206
39 54 11.468753
39 55 12.508317
39 56 14.640885
39 57 16.948342
39 58 21.616434
39 59 25.401116
39 60 25.121277
39 61 20.479928
39 62 15.651010
39 63 14.261442
39 64 10.274723
39 65 9.398962
39 66 5.329677
39 67 7.126106
39 68 7.195782
39 69 6.340556
39 70 4.371887
39 71 2.013971
39 72 4.773734
39 73 6.600424
39 74 9.031179
39 75 11.771564
39 76 14.641225
40 41 1.326122
40 42 1.299526
40 43 2.513165
40 44 2.562689
40 45 2.820852
40 46 2.542315
40 47 3.683929
40 48 7.249471
40 49 8.275451
40 50 2.795268
40 51 6.320152
40 52 6.383723
40 53 8.294629
40 54 10.148851
40 55 14.153162
40 56 17.125969
40 57 20.434838
40 58 22.895274
40 59 26.659560
40 60 26.902271
40 61 22.977580
40 62 20.827372
40 63 13.713136
40 64 10.379893
40 65 9.486329
40 66 5.741300
40 67 8.115070
40 68 7.286495
40 69 7.858208
40 70 6.622192
40 71 4.946618
40 72 8.236572
40 73 8.689150
40 74 11.409413
40 75 13.771432
40 76 17.364756
41 42 1.324898
41 43 3.083291
41 44 5.507752
41 45 7.848792
41 46 5.813921
41 47 9.718552
41 48 13.328920
41 49 13.795275
41 50 8.162065
41 51 11.041618
41 52 12.123957
41 53 14.585223
41 54 16.066251
41 57 22.547503
41 58 24.651133
41 59 28.452395
41 60 29.004210
41 61 25.780482
41 62 24.501905
41 63 20.786384
41 64 15.142206
41 65 15.007323
41 66 10.793334
41 67 13.135454
41 68 12.437871
41 69 13.353860
41 70 11.533612
41 71 9.609131
41 72 12.426363
41 73 12.789953
41 74 15.331713
41 75 21.489713
42 43 1.294330
42 44 2.409027
42 45 5.210092
42 46 6.230031
42 47 4.742843
42 48 11.627938
42 49 13.955223
42 50 8.011226
42 51 11.187767
42 52 11.749806
42 53 13.780478
42 54 14.352234
42 55 20.128243
42 56 22.385363
42 57 25.386277
42 58 26.747290
42 59 31.639475
42 60 30.692473
42 61 26.474434
42 62 23.674858
42 63 20.766961
42 64 15.349260
42 65 14.571456
42 66 10.018254
42 67 12.200877
42 68 10.681290
42 69 8.804914
42 70 7.906524
42 71 6.761660
42 72 10.333548
42 73 13.193756
42 74 15.587957
42 75 21.045346
42 76 22.786180
43 44 1.300720
43 45 3.347933
43 46 6.820344
43 47 9.277537
43 48 11.916529
43 49 13.916392
43 50 10.439684
43 51 9.419900
43 52 11.069728
43 53 12.105145
43 54 13.926595
43 55 15.251937
43 56 20.454934
43 57 23.646825
43 58 26.293762
43 59 31.074534
43 60 30.894958
43 61 24.563772
43 62 22.012686
43 63 16.250986
43 64 14.087963
43 65 13.009826
43 66 8.670222
43 67 11.363894
43 68 9.067541
43 69 6.931200
43 70 7.100421
43 71 5.964539
43 72 8.305252
43 73 11.384459
43 74 13.282017
43 75 20.562172
43 76 21.936505
44 45 1.300333
44 46 3.042402
44 47 5.232640
44 48 8.739063
44 49 11.148517
44 50 7.252430
44 51 8.730086
44 52 9.728051
44 53 11.845384
44 54 13.933035
44 55 15.671288
44 56 20.964410
44 57 24.037279
44 58 26.029396
44 59 30.318066
44 60 30.029864
44 61 24.476058
44 62 21.587003
44 63 15.791831
44 64 13.209038
44 65 11.490796
44 66 7.246706
44 67 7.650854
44 68 6.100324
44 69 5.119926
44 70 5.704033
44 71 5.339804
44 72 7.585893
44 73 10.183596
44 74 11.699688
44 75 15.622974
44 76 21.214739
45 46 1.301043
45 47 2.808690
45 48 5.724764
45 49 8.482107
45 50 5.326409
45 51 6.824759
45 52 7.914623
45 53 9.593515
45 54 11.397273
45 55 13.040515
45 56 15.527718
45 57 21.266682
45 58 22.755508
45 59 27.469811
45 60 26.688417
45 61 22.179978
45 62 15.562767
45 63 13.426375
45 64 11.148108
45 65 9.221352
45 66 4.729580
45 67 4.823326
45 68 2.935489
45 69 2.570962
45 70 2.857202
45 71 2.812612
45 72 4.982500
45 73 7.708788
45 74 8.957850
45 75 12.896265
45 76 16.355229
46 47 1.301185
46 48 3.154224
46 49 4.859610
46 50 2.758098
46 51 3.821690
46 52 4.428608
46 53 7.020976
46 54 8.971424
46 55 13.107439
46 56 20.210565
46 57 12.950005
46 58 16.585674
46 59 24.905857
46 60 24.322339
46 61 17.368022
46 62 13.546815
46 63 10.974533
46 64 7.886771
46 65 6.337984
46 66 2.777102
46 67 3.070873
46 68 2.325348
46 69 3.639459
46 70 3.706220
46 71 4.890186
46 72 6.179268
46 73 5.797507
46 74 8.467010
46 75 12.987151
46 76 14.910846
47 48 1.302986
47 49 2.512874
47 50 2.375585
47 51 5.063361
47 52 7.160837
47 53 10.001775
47 54 11.206536
47 55 14.311622
47 56 20.886032
47 57 15.115380
47 58 17.253736
47 59 24.946222
47 60 23.678605
47 61 14.247704
47 62 12.515609
47 63 9.908285
47 64 8.139931
47 65 5.013659
47 66 3.115650
47 67 3.107602
47 68 2.926892
47 69 3.289350
47 70 4.846971
47 71 7.464643
47 72 7.789258
47 73 7.195538
47 74 7.031880
47 75 9.574873
47 76 15.294650
48 49 1.297666
48 50 2.352325
48 51 5.141695
48 52 7.452691
48 53 9.896374
48 54 12.062170
48 55 13.928318
48 56 20.168628
48 57 14.305233
48 58 16.309037
48 59 22.941850
48 60 21.275537
48 61 13.579025
48 62 9.252646
48 63 8.551404
48 64 7.191022
48 65 3.172200
48 66 2.370884
48 67 2.263412
48 68 2.744441
48 69 4.607672
48 70 6.559639
48 71 8.981796
48 72 8.356360
48 73 7.480909
48 74 5.843135
48 75 8.763723
48 76 15.863512
49 50 1.297490
49 51 2.658742
49 52 5.676592
49 53 8.299188
49 54 7.761946
49 55 9.883014
49 56 14.170613
49 57 11.557952
49 58 12.485210
49 59 18.506977
49 60 15.984524
49 61 10.558741
49 62 8.252682
49 63 5.347599
49 64 5.426330
49 65 2.531696
49 66 2.427053
49 67 2.762660
49 68 4.475872
49 69 6.819029
49 70 7.919847
49 71 10.596807
49 72 8.873317
49 73 6.818763
49 74 6.894944
49 75 8.745803
49 76 13.308012
50 51 1.294866
50 52 2.401555
50 53 4.910770
50 54 6.816029
50 55 9.800480
50 56 12.672536
50 57 9.694699
50 58 12.717054
50 59 16.333573
50 60 16.172434
50 61 11.434403
50 62 9.026904
50 63 5.437662
50 64 3.176738
50 65 2.837870
50 66 2.380784
50 67 4.527422
50 68 5.418520
50 69 5.666565
50 70 5.979143
50 71 5.889767
50 72 7.085609
50 73 3.498461
50 74 6.505459
50 75 9.416911
50 76 11.431924
51 52 1.293965
51 53 2.574977
51 54 2.412671
51 55 3.613920
51 56 7.933915
51 57 3.633838
51 58 7.165905
51 59 10.762184
51 60 11.616276
51 61 7.425489
51 62 6.126454
51 63 2.859961
51 64 2.958157
51 65 2.989508
51 66 2.743424
51 67 6.142322
51 68 8.337074
51 69 5.914022
51 70 9.132105
51 71 8.294306
51 72 6.356847
51 73 4.577581
51 74 7.100513
51 75 9.419182
51 76 9.670089
52 53 1.297681
52 54 2.787062
52 55 5.260156
52 56 7.502902
52 57 7.560239
52 58 9.552044
52 59 13.046360
52 60 13.268343
52 61 8.563593
52 62 7.134984
52 63 4.700934
52 64 2.426571
52 65 2.846908
52 66 2.800731
52 67 5.396331
52 68 7.992802
52 69 4.208845
52 70 5.104720
52 71 4.430327
52 72 2.709160
52 73 1.936727
52 74 3.390228
52 75 5.466216
52 76 7.537711
53 54 1.296936
53 55 3.130089
53 56 3.059460
53 57 3.778456
53 58 5.570938
53 59 9.043001
53 60 8.827423
53 61 4.168180
53 62 4.208863
53 63 2.440174
53 64 2.452938
53 65 4.233505
53 66 5.217780
53 67 8.502423
53 68 11.083384
53 69 7.310463
53 70 8.995717
53 71 6.909481
53 72 4.877942
53 73 2.587509
53 74 2.266155
53 75 3.011117
53 76 2.831628
54 55 1.289725
54 56 3.015976
54 57 1.322435
54 58 2.984981
54 59 6.484851
54 60 7.681593
54 61 2.851970
54 62 3.362431
54 63 2.840824
54 64 2.718951
54 65 6.234153
54 66 8.592652
54 67 10.098453
54 68 11.471582
54 69 8.438691
54 70 12.274992
54 71 9.900745
54 72 6.956930
54 73 4.325004
54 74 6.631284
54 75 5.322767
54 76 5.081681
55 56 1.303822
55 57 2.652869
55 58 3.192493
55 60 5.587190
55 61 2.593473
55 62 2.514393
55 63 2.714939
55 64 3.636217
55 65 7.120453
55 66 10.707779
55 67 13.347889
55 68 15.398364
55 69 11.493211
55 70 14.660579
55 71 11.749056
55 72 9.642091
55 73 7.637290
55 74 7.108793
55 75 4.827825
55 76 6.924490
56 57 1.296955
56 58 2.685039
56 60 5.926242
56 61 2.331911
56 62 3.930467
56 63 4.482482
56 64 5.580278
56 65 9.840779
56 66 13.417293
56 67 16.119391
56 68 20.812389
56 69 14.834175
56 70 18.006544
56 71 14.821965
56 72 12.810945
56 73 8.917600
56 74 8.533081
56 75 4.149954
56 76 4.781226
57 58 1.302177
57 59 4.400269
57 60 2.467016
57 61 2.597214
57 62 3.401063
57 63 3.362223
57 64 5.478232
57 65 6.925550
57 66 10.948776
57 67 14.521741
57 68 17.347818
57 69 20.804484
57 70 17.290019
57 71 15.720380
57 72 14.387456
57 73 9.311289
57 74 10.399411
57 75 7.324486
57 76 8.776107
58 59 1.327889
58 60 1.306501
58 61 1.283535
58 62 2.698101
58 63 3.527161
58 64 7.054888
58 65 7.868186
58 66 13.533147
58 67 16.468327
58 68 20.904450
58 69 22.835032
58 70 21.641176
58 71 20.173105
58 72 15.098405
58 73 10.239757
58 74 10.327922
58 75 8.057298
58 76 9.975901
59 60 1.315768
59 61 3.460781
59 62 6.253338
59 63 8.286792
59 64 10.646173
59 65 13.445754
59 66 17.066017
59 67 22.021364
59 68 24.981198
59 69 26.251072
59 70 25.001048
59 71 23.838833
59 72 20.959399
59 73 13.936914
59 74 13.535805
59 75 11.806431
60 61 1.323254
60 62 3.504152
60 63 6.651824
60 64 7.986120
60 65 12.155851
60 66 15.743250
60 67 20.589796
60 68 23.671127
60 69 24.826654
60 70 23.505451
60 71 23.299253
60 72 20.073307
60 73 13.244496
60 74 11.142948
60 75 9.213137
60 76 7.041963
61 62 1.298895
61 63 2.607801
61 64 3.929877
61 65 4.549046
61 66 11.448458
61 67 13.193957
61 68 15.897444
61 69 15.751142
61 70 16.529863
61 71 16.842331
61 72 13.434397
61 73 9.207011
61 74 7.456776
61 75 3.302337
61 76 2.907353
62 63 1.297301
62 64 2.370458
62 65 3.237950
62 66 8.834622
62 67 10.616046
62 68 13.421306
62 69 12.723032
62 70 12.619034
62 71 14.580349
62 72 11.934312
62 73 7.691335
62 74 6.224989
62 75 5.808388
62 76 4.495607
63 64 1.302660
63 65 2.443104
63 66 6.309559
63 67 8.453869
63 68 11.365610
63 69 9.671497
63 70 10.523904
63 71 12.642052
63 72 9.116754
63 73 5.793506
63 74 4.148656
63 75 5.213781
63 76 4.865794
64 65 1.303081
64 66 2.637057
64 67 5.484992
64 68 9.006881
64 69 7.409307
64 70 7.095002
64 71 8.713776
64 72 5.744984
64 73 2.467303
64 74 2.363426
64 75 2.707257
64 76 2.211986
65 66 1.302783
65 67 3.061050
65 68 5.793468
65 69 4.403623
65 70 5.816955
65 71 8.257441
65 72 5.049175
65 73 3.128086
65 74 2.912723
65 75 4.967272
65 76 8.058726
66 67 1.305117
66 68 2.936549
66 69 3.102744
66 70 3.195656
66 71 4.956954
66 72 3.211707
66 73 2.869885
66 74 3.524457
66 75 7.674595
66 76 10.897717
67 68 1.297420
67 69 2.507614
67 70 2.718371
67 71 5.346603
67 72 4.131151
67 73 4.089203
67 74 3.028918
67 75 5.857447
67 76 10.895326
68 69 1.295893
68 70 2.444574
68 71 4.975799
68 72 5.361344
68 73 4.909850
68 74 5.130661
68 75 7.527471
68 76 14.143828
69 70 1.303521
69 71 2.429771
69 72 3.228161
69 73 3.309992
69 74 3.266478
69 75 6.042188
69 76 15.199848
70 71 1.305038
70 72 2.607308
70 73 4.650705
70 74 4.468859
70 75 7.356063
70 76 11.726492
71 72 1.292770
71 73 3.497879
71 74 5.993397
71 75 8.487989
71 76 11.522847
72 73 1.299995
72 74 2.887858
72 75 5.599144
72 76 8.557334
73 74 1.294803
73 75 3.081761
73 76 5.656760
74 75 1.303342
74 76 3.272874
75 76 1.322704
