2 3 1.299917
2 4 2.378837
2 5 5.046057
2 6 5.155613
2 7 2.632419
2 8 2.809935
2 9 2.873291
2 10 2.632264
2 11 4.367675
2 12 6.054479
2 13 5.411398
2 14 8.218747
2 15 9.707320
2 16 9.253973
2 17 5.900066
2 18 2.360247
2 19 2.687337
2 20 3.038207
2 21 5.278208
2 22 7.627198
2 23 6.411160
2 24 7.814783
2 25 10.245617
2 26 11.249768
2 27 10.934612
2 28 13.752985
2 29 15.534187
2 30 16.560180
2 31 15.182006
2 32 21.484391
2 33 23.826316
2 34 23.859039
2 35 23.416417
2 36 24.140422
2 37 23.572274
2 38 24.342906
2 39 22.607961
2 40 23.870307
2 41 23.233766
2 42 20.794209
2 43 21.614239
2 44 14.951587
2 45 14.163054
2 46 10.748203
2 47 8.507683
2 48 7.324414
2 49 6.471711
2 50 6.766545
2 51 11.404757
2 52 8.258960
2 53 12.718872
2 54 9.798887
2 55 14.967355
2 56 15.544508
2 57 16.321017
2 58 13.929233
2 59 10.694690
2 60 12.444053
2 61 13.633697
2 62 7.719490
2 63 8.129687
2 64 11.317511
2 65 11.029238
2 66 7.072641
2 67 10.231603
2 68 7.625800
2 69 12.283769
2 70 13.261414
3 4 1.281407
3 5 2.548638
3 6 2.617488
3 7 2.445852
3 8 2.299993
3 9 3.041022
3 10 3.175151
3 11 5.697388
3 12 6.495440
3 13 6.455204
3 14 6.503102
3 15 8.417883
3 16 9.320389
3 17 4.681387
3 18 3.014876
3 19 3.222101
3 20 2.996767
3 21 5.665581
3 22 5.752415
3 23 3.001388
3 24 5.511068
3 25 8.250608
3 26 7.371760
3 27 6.981617
3 28 9.793998
3 29 11.912681
3 30 12.659331
3 31 11.368832
3 32 15.178675
3 33 20.606591
3 34 20.327777
3 35 16.548582
3 36 16.446355
3 37 12.304442
3 38 16.397299
3 39 15.160175
3 40 20.218835
3 41 14.485151
3 42 14.228605
3 43 13.234078
3 44 12.260148
3 45 11.431977
3 46 9.526584
3 47 6.294593
3 48 6.028813
3 49 6.510739
3 50 7.961938
3 51 6.718787
3 52 5.722743
3 53 7.764613
3 54 6.200886
3 55 10.814331
3 56 10.844750
3 57 11.730942
3 58 9.497631
3 59 5.318327
3 60 8.457770
3 61 10.205538
3 62 5.363924
3 63 4.283425
3 64 7.781132
3 65 8.424555
3 66 5.534954
3 67 9.363851
3 68 4.048948
3 69 9.916939
3 70 10.516299
4 5 1.308874
4 6 3.486451
4 7 3.113701
4 8 5.287740
4 9 5.986705
4 10 4.792841
4 11 7.646425
4 12 7.257533
4 13 4.022979
4 14 7.329638
4 15 8.036836
4 16 5.600341
4 17 3.067331
4 18 2.697823
4 19 3.931941
4 20 4.901337
4 21 7.531773
4 22 8.703991
4 23 4.789502
4 24 7.570765
4 25 10.353032
4 26 8.953605
4 27 8.080430
4 28 11.761588
4 29 14.094714
4 30 13.871639
4 31 12.395529
4 32 15.752828
4 33 17.064029
4 34 17.011547
4 35 17.086948
4 36 16.701091
4 37 14.866293
4 38 17.802374
4 39 15.485251
4 40 20.570501
4 41 14.916332
4 42 11.103131
4 43 10.056414
4 44 9.037325
4 45 9.099542
4 46 6.756083
4 47 6.003938
4 48 6.504445
4 49 7.497473
4 50 9.922023
4 51 8.237894
4 52 8.615530
4 53 11.027811
4 54 7.509838
4 55 11.635371
4 56 11.959602
4 57 11.627911
4 58 8.550212
4 59 7.258327
4 60 8.597825
4 61 7.830697
4 62 2.526119
4 63 4.592681
4 64 7.339609
4 65 4.642820
4 66 2.588925
4 67 4.131481
4 68 4.591249
4 69 9.124747
4 70 11.425500
5 6 1.296871
5 7 2.880071
5 8 5.680302
5 9 6.761946
5 10 7.033177
5 11 9.480798
5 12 8.293497
5 13 7.951783
5 14 6.404525
5 15 6.645651
5 16 7.723956
5 17 3.568489
5 18 4.061344
5 19 3.270783
5 20 4.161431
5 21 8.281724
5 22 6.722769
5 23 2.930568
5 24 5.702604
5 25 8.269081
5 26 5.506596
5 27 5.863293
5 28 8.878614
5 29 11.090213
5 30 9.542051
5 31 9.487357
5 32 12.702268
5 33 13.577263
5 34 12.870809
5 35 12.262841
5 36 12.875663
5 37 10.370729
5 38 13.285522
5 39 11.257216
5 40 13.460984
5 41 12.394595
5 42 10.009447
5 43 8.580970
5 44 7.657834
5 45 6.992932
5 46 5.300766
5 47 2.326340
5 48 2.969192
5 49 5.512128
5 50 8.147830
5 51 5.638467
5 52 5.043234
5 53 7.305655
5 54 4.820467
5 55 6.771617
5 56 7.153472
5 57 7.875102
5 58 5.056950
5 59 3.093778
5 60 5.214337
5 61 5.937334
5 62 2.204308
5 63 3.111981
5 64 5.053019
5 65 5.260398
5 66 3.145051
5 67 5.505097
5 68 3.067267
5 69 8.334636
5 70 10.617690
6 7 1.294986
6 8 2.337228
6 9 2.774247
6 10 6.752085
6 11 8.448514
6 12 10.509399
6 13 11.215890
6 14 9.186134
6 15 9.771028
6 16 11.745651
6 17 7.814069
6 18 6.332499
6 19 5.924521
6 20 3.215901
6 21 6.321548
6 22 4.047010
6 23 3.051371
6 24 5.810308
6 25 8.186166
6 26 6.864477
6 27 7.832389
6 28 10.306675
6 29 10.350481
6 30 10.925436
6 31 12.339616
6 32 15.282354
6 33 16.768140
6 34 16.220339
6 35 14.165130
6 36 15.863229
6 37 11.585904
6 38 14.676053
6 39 12.211802
6 40 14.111447
6 41 10.790811
6 42 12.103356
6 43 11.007875
6 44 9.908486
6 45 8.327930
6 46 6.907304
6 47 2.982801
6 48 2.364702
6 49 2.651916
6 50 4.242523
6 51 2.855749
6 52 2.618593
6 53 6.116091
6 54 3.650800
6 55 7.548442
6 56 8.590477
6 57 9.827723
6 58 7.590328
6 59 3.208506
6 60 7.620490
6 61 9.456222
6 62 3.446705
6 63 4.912468
6 64 9.316856
6 65 8.526779
6 66 6.177952
6 67 10.285694
6 68 6.983173
6 69 13.201688
6 70 14.053037
7 8 1.283411
7 9 2.870645
7 10 5.050255
7 11 7.117664
7 12 9.708118
7 13 10.118647
7 14 10.011929
7 15 11.805010
7 16 12.708503
7 17 9.143730
7 18 6.835700
7 19 7.131031
7 20 4.510388
7 21 5.990496
7 22 7.028056
7 23 3.939619
7 24 7.764202
7 25 10.348654
7 26 10.724769
7 27 11.642207
7 28 13.527411
7 29 14.404371
7 30 14.545708
7 31 15.965684
7 32 21.561921
7 33 22.050137
7 34 21.202461
7 35 21.416180
7 36 21.301835
7 37 15.667307
7 38 20.079607
7 39 15.128591
7 40 17.489096
7 41 13.205371
7 42 13.506904
7 43 13.479636
7 44 11.315696
7 45 9.611118
7 46 6.627460
7 47 4.017508
7 48 3.188378
7 49 2.968796
7 50 3.151278
7 51 3.293691
7 52 3.608670
7 53 8.425132
7 54 7.496012
7 55 10.745320
7 56 12.030823
7 57 12.873738
7 58 10.070213
7 59 6.753729
7 60 10.776414
7 61 10.691019
7 62 4.360214
7 63 7.884594
7 64 11.007585
7 65 9.386792
7 66 6.525931
7 67 11.088894
7 68 9.174748
7 69 15.110173
7 70 17.203840
8 9 1.296567
8 10 2.621449
8 11 5.506235
8 12 7.505537
8 13 10.106164
8 14 8.739682
8 15 11.753248
8 16 11.719338
8 17 9.181401
8 18 5.402017
8 19 5.130049
8 20 3.053561
8 21 4.960271
8 22 3.700362
8 23 5.521838
8 24 8.318775
8 25 9.548940
8 26 8.566209
8 27 10.553318
8 28 12.726129
8 29 11.312879
8 30 13.154465
8 31 16.135971
8 32 21.837459
8 33 23.107538
8 34 21.825202
8 35 21.777380
8 36 22.028593
8 37 14.597927
8 38 21.449828
8 39 15.071249
8 40 21.445123
8 41 20.712013
8 42 16.073158
8 43 20.044415
8 44 14.105361
8 45 12.565308
8 46 10.229435
8 47 6.294105
8 48 5.382409
8 49 2.551631
8 50 4.076884
8 51 5.285603
8 52 2.244853
8 53 6.487264
8 54 8.952710
8 55 10.358196
8 56 11.473964
8 57 13.703377
8 58 12.092289
8 59 3.952691
8 60 12.119550
8 61 13.797560
8 62 7.844459
8 63 9.478284
8 64 13.729917
8 65 12.669771
8 66 9.802570
8 67 13.295430
8 68 10.149840
8 69 14.751166
8 70 17.337669
9 10 1.287170
9 11 3.005983
9 12 5.009976
9 13 7.606999
9 14 6.842134
9 15 11.826204
9 16 10.751065
9 17 8.876605
9 18 5.247667
9 19 3.592432
9 20 2.876775
9 21 2.826939
9 22 6.294162
9 23 6.259009
9 24 6.727595
9 25 10.135324
9 26 10.825524
9 27 11.978866
9 28 12.242944
9 29 13.165450
9 30 16.178352
9 31 20.290266
9 32 21.691321
9 33 23.258878
9 34 22.866191
9 35 23.040375
9 36 23.585561
9 37 21.838988
9 38 23.864128
9 39 22.273982
9 40 22.627179
9 41 21.759134
9 42 22.632937
9 43 21.854494
9 44 20.812378
9 45 12.272477
9 46 9.071039
9 47 5.987217
9 48 5.612217
9 49 3.190154
9 50 5.752892
9 51 6.806880
9 52 2.894142
9 53 10.440420
9 54 8.528120
9 55 11.906836
9 56 14.563575
9 57 16.329347
9 58 13.757669
9 59 8.057245
9 60 13.646536
9 61 15.340626
9 62 11.307718
9 63 8.975248
9 64 13.047028
9 65 14.649257
9 66 11.216770
9 67 13.660402
9 68 9.209158
9 69 14.533630
9 70 14.974915
10 11 1.294180
10 12 2.372577
10 13 4.553097
10 14 4.273220
10 15 8.649960
10 16 7.607457
10 17 5.152894
10 18 2.304685
10 19 2.447582
10 20 3.591361
10 21 3.861485
10 22 6.030965
10 23 7.139530
10 24 5.428450
10 25 9.641419
10 26 11.723084
10 27 11.411712
10 28 11.595960
10 29 14.201274
10 30 16.119437
10 31 15.260338
10 32 20.317934
10 33 22.587408
10 34 22.413210
10 35 21.938860
10 36 21.762745
10 37 20.539031
10 38 22.852793
10 39 22.030708
10 40 24.507414
10 41 24.050684
10 42 22.684918
10 43 23.423732
10 44 21.604044
10 45 17.070317
10 46 15.660403
10 47 11.157929
10 48 10.657828
10 49 7.798694
10 50 9.078614
10 51 10.997322
10 52 7.941051
10 53 11.709114
10 54 10.899080
10 55 15.989443
10 56 16.091700
10 57 17.061143
10 58 15.012729
10 59 9.239968
10 60 13.991405
10 61 14.915216
10 62 11.198188
10 63 10.278142
10 64 13.038796
10 65 13.504540
10 66 8.844329
10 67 10.748456
10 68 7.995112
10 69 12.265020
10 70 14.124184
11 12 1.296376
11 13 3.060029
11 14 2.412366
11 15 6.488058
11 16 4.682499
11 17 5.139757
11 18 2.715773
11 19 2.486502
11 20 3.479155
11 21 2.331655
11 22 5.608701
11 23 7.328324
11 24 2.896981
11 25 7.315175
11 26 9.817241
11 27 10.695561
11 28 8.932823
11 29 11.728078
11 30 14.818946
11 31 14.946821
11 32 16.057873
11 33 21.944452
11 34 23.071748
11 35 22.852420
11 36 23.092597
11 37 22.427878
11 38 24.989680
11 39 24.645069
11 40 26.713062
11 41 26.611966
11 42 25.586745
11 43 25.872109
11 44 24.446454
11 45 22.885048
11 46 20.359404
11 47 13.637294
11 48 13.087179
11 49 9.327026
11 50 11.978245
11 51 14.427962
11 52 8.937518
11 53 10.722823
11 54 12.153879
11 55 16.807430
11 56 16.545758
11 57 21.188873
11 58 20.107691
11 59 10.422356
11 60 15.042387
11 61 16.643744
11 62 13.711238
11 63 11.533317
11 64 13.931813
11 65 15.212160
11 66 10.877273
11 67 11.227083
11 68 8.323485
11 69 10.585245
11 70 12.370984
12 13 1.285881
12 14 2.439795
12 15 4.060283
12 16 3.133943
12 17 3.327974
12 18 2.874314
12 19 2.821408
12 20 4.059828
12 21 4.239107
12 22 7.922488
12 23 7.894761
12 24 2.775987
12 25 9.298167
12 26 11.460768
12 27 10.596983
12 28 9.172864
12 29 14.301793
12 30 15.702517
12 31 13.807322
12 32 14.789789
12 33 22.272894
12 34 22.564660
12 35 22.385721
12 36 22.648430
12 37 22.583310
12 38 25.077729
12 39 25.269353
12 40 28.488001
12 41 28.580111
12 42 26.130474
12 43 26.303271
12 44 24.602364
12 45 23.654658
12 46 21.379580
12 47 14.472569
12 48 15.227021
12 49 12.510854
12 50 14.632729
12 51 15.765055
12 52 11.472037
12 53 12.492456
12 54 20.653930
12 55 20.576252
12 56 16.613825
12 57 21.366187
12 58 20.278489
12 59 12.086897
12 60 14.746748
12 61 15.484531
12 62 12.632438
12 63 11.153625
12 64 13.256731
12 65 13.383531
12 66 8.413658
12 67 9.885651
12 68 6.944736
12 69 8.651855
12 70 11.212554
13 14 1.304608
13 15 3.210794
13 16 2.341074
13 17 2.349502
13 18 2.615947
13 19 3.076987
13 20 4.920364
13 21 2.889596
13 22 6.999543
13 23 5.921882
13 24 3.246229
13 25 6.379468
13 26 8.845706
13 27 7.502745
13 28 8.352340
13 29 11.437048
13 30 13.394851
13 31 11.542637
13 32 12.654116
13 33 20.984270
13 34 21.001946
13 35 20.955050
13 36 21.539247
13 37 22.834117
13 38 24.938899
13 39 25.327708
13 40 26.809142
13 41 27.711580
13 42 25.085223
13 43 24.709776
13 44 22.731089
13 45 22.461224
13 46 21.180404
13 47 15.454877
13 48 16.787662
13 49 15.141645
13 50 17.861611
13 51 20.062580
13 52 13.630068
13 53 13.965697
13 54 20.999830
13 55 20.433690
13 56 17.038411
13 57 20.293658
13 58 16.518062
13 59 12.017730
13 60 11.720501
13 61 13.976882
13 62 11.310649
13 63 9.211916
13 64 10.664018
13 65 10.493229
13 66 6.944277
13 67 7.202286
13 68 5.590019
13 69 6.103449
13 70 8.050484
14 15 1.281919
14 16 2.321093
14 17 2.310603
14 18 4.215297
14 19 2.466688
14 20 3.257955
14 21 2.699306
14 22 6.165135
14 23 4.681755
14 24 2.804649
14 25 5.896666
14 26 8.015846
14 27 5.600935
14 28 5.012029
14 29 10.332071
14 30 12.021530
14 31 9.115905
14 32 9.529129
14 33 14.714723
14 34 14.493065
14 35 15.041457
14 36 15.129738
14 37 20.514032
14 38 22.676229
14 39 23.109956
14 40 24.718513
14 41 25.945141
14 42 23.791588
14 43 23.016969
14 44 22.096828
14 45 21.444017
14 46 20.628027
14 47 13.675659
14 48 14.462793
14 49 12.483455
14 50 14.112510
14 51 13.732386
14 52 9.943024
14 53 9.155436
14 54 14.797099
14 55 14.464702
14 56 13.691450
14 57 15.126687
14 58 13.696694
14 59 9.421908
14 60 10.328583
14 61 11.478661
14 62 9.563057
14 63 6.982613
14 64 8.842932
14 65 10.206865
14 66 6.656836
14 67 5.709597
14 68 3.152112
14 69 5.034051
14 70 4.904052
15 16 1.284248
15 17 2.771750
15 18 5.471389
15 19 3.500882
15 20 5.581539
15 21 6.014890
15 22 6.677696
15 23 4.533820
15 24 2.490398
15 25 3.800250
15 26 5.686334
15 27 3.113412
15 28 2.597268
15 29 5.691691
15 30 7.603293
15 31 3.866667
15 32 4.730634
15 33 9.488398
15 34 10.528739
15 35 11.940164
15 36 12.277944
15 37 11.318343
15 38 20.946651
15 39 22.007255
15 40 23.405435
15 41 25.624452
15 42 22.894264
15 43 22.138024
15 44 20.554093
15 45 21.300930
15 46 20.636784
15 47 13.298261
15 48 13.942014
15 49 14.450087
15 50 13.150314
15 51 20.604748
15 52 12.335266
15 53 10.034967
15 54 15.523038
15 55 14.053762
15 56 12.171071
15 57 13.522134
15 58 12.887479
15 59 9.611902
15 60 8.439194
15 61 10.623509
15 62 9.494643
15 63 6.400218
15 64 7.626222
15 65 8.945883
15 66 5.162451
15 67 3.305418
15 68 2.845761
15 69 2.366882
15 70 3.188110
16 17 1.298659
16 18 3.064539
16 19 4.921627
16 20 8.837250
16 21 9.441234
16 22 11.481050
16 23 8.984815
16 24 4.694827
16 25 9.459345
16 26 11.438711
16 27 5.967417
16 28 8.358947
16 29 12.218246
16 30 12.381273
16 31 9.637538
16 32 11.750048
16 33 16.009823
16 34 13.628789
16 35 16.115818
16 36 15.890517
16 37 15.418666
16 38 22.061029
16 39 22.578874
16 40 23.349121
16 41 25.971415
16 42 22.900578
16 43 20.927086
16 44 20.916095
16 45 21.460057
16 46 20.206978
16 47 14.953204
16 48 17.276758
16 49 17.536678
16 50 20.191300
16 51 21.664877
16 52 14.801557
16 53 15.354596
16 54 21.116471
16 55 20.500932
16 56 15.783840
16 57 15.529812
16 58 14.415117
16 59 11.856606
16 60 10.696075
16 61 11.026741
16 62 9.182286
16 63 6.624407
16 64 7.576574
16 65 7.849767
16 66 3.987113
16 67 3.119732
16 68 3.223844
16 69 3.118739
16 70 5.049271
17 18 1.285894
17 19 2.522904
17 20 5.884769
17 21 7.259105
17 22 8.969443
17 23 6.889945
17 24 3.875480
17 25 8.289138
17 26 10.002537
17 27 6.635220
17 28 8.052323
17 29 12.755457
17 30 12.378965
17 31 9.814307
17 32 13.559183
17 33 15.895432
17 34 15.236615
17 35 15.207535
17 36 15.555723
17 37 13.922658
17 38 18.108631
17 39 20.507318
17 40 23.207810
17 41 24.073076
17 42 21.117871
17 43 20.762581
17 44 13.659305
17 45 14.256286
17 46 14.411706
17 47 10.991478
17 48 13.103301
17 49 13.534578
17 50 14.631100
17 51 14.957481
17 52 11.487171
17 53 12.349300
17 54 10.057084
17 55 14.114059
17 56 13.464415
17 57 13.154571
17 58 11.023026
17 59 8.664518
17 60 8.552292
17 61 8.805926
17 62 5.752107
17 63 4.420445
17 64 6.340067
17 65 6.297926
17 66 2.834116
17 67 3.126225
17 68 2.985274
17 69 4.626619
17 70 7.437557
18 19 1.284441
18 20 4.134574
18 21 6.359528
18 22 8.763088
18 23 6.178556
18 24 4.532601
18 25 9.941331
18 26 10.475198
18 27 9.124314
18 28 9.675657
18 29 14.398164
18 30 14.375484
18 31 13.142078
18 32 16.450429
18 33 21.062061
18 34 20.893069
18 35 17.722207
18 36 18.530237
18 37 15.315868
18 38 20.864431
18 39 20.784095
18 40 23.962751
18 41 24.376129
18 42 21.452133
18 43 21.900363
18 44 14.251926
18 45 14.736807
18 46 13.462023
18 47 10.506003
18 48 11.019928
18 49 11.291013
18 50 12.583740
18 51 11.848908
18 52 9.700367
18 53 11.387358
18 54 9.630804
18 55 14.282691
18 56 14.064233
18 57 14.797899
18 58 12.423402
18 59 9.979057
18 60 10.403858
18 61 11.864707
18 62 8.198217
18 63 6.977519
18 64 8.914793
18 65 9.160552
18 66 4.257100
18 67 6.276437
18 68 4.638973
18 69 7.582361
18 70 10.800217
19 20 1.288167
19 21 2.918522
19 22 5.469780
19 23 3.243033
19 24 2.533922
19 25 5.875357
19 26 7.354108
19 27 6.426855
19 28 6.574187
19 29 10.762557
19 30 11.021021
19 31 10.066364
19 32 13.251899
19 33 15.475606
19 34 14.147063
19 35 14.528032
19 36 14.663839
19 37 10.952105
19 38 15.282624
19 39 15.146155
19 40 20.607770
19 41 21.357216
19 42 17.570619
19 43 20.252024
19 44 15.249491
19 45 12.831044
19 46 12.909911
19 47 8.628633
19 48 9.127837
19 49 9.384406
19 50 11.755453
19 51 11.734295
19 52 7.380101
19 53 7.969431
19 54 8.319546
19 55 12.321153
19 56 11.209915
19 57 11.315750
19 58 9.510605
19 59 6.511544
19 60 7.424796
19 61 8.665391
19 62 5.702990
19 63 4.154347
19 64 6.437127
19 65 7.904733
19 66 4.033143
19 67 6.406450
19 68 2.678427
19 69 7.161131
19 70 8.773260
20 21 1.309840
20 22 2.548354
20 23 2.875478
20 24 2.543429
20 25 4.432227
20 26 6.108091
20 27 6.824035
20 28 6.423092
20 29 8.579855
20 30 11.502688
20 31 11.048153
20 32 13.176755
20 33 15.198502
20 34 14.166160
20 35 14.834866
20 36 16.271164
20 37 11.470911
20 38 17.400716
20 39 16.885473
20 40 20.933444
20 41 20.705762
20 42 20.617845
20 43 20.548399
20 44 15.076409
20 45 13.532070
20 46 12.018172
20 47 7.948675
20 48 7.390538
20 49 5.188047
20 50 8.167557
20 51 8.086416
20 52 3.010348
20 53 5.864174
20 54 6.065397
20 55 10.923599
20 56 10.919721
20 57 12.695546
20 58 11.045157
20 59 3.275256
20 60 9.896342
20 61 11.697551
20 62 9.373409
20 63 5.977895
20 64 10.496030
20 65 11.818477
20 66 7.597410
20 67 10.278058
20 68 5.646492
20 69 10.638022
20 70 10.823334
21 22 1.310643
21 23 3.125360
21 24 2.501031
21 25 2.640164
21 26 4.460694
21 27 6.413065
21 28 5.297234
21 29 5.368468
21 30 10.244491
21 31 11.276103
21 32 11.102115
21 33 12.317975
21 34 13.109521
21 35 12.630110
21 36 16.015186
21 37 11.027901
21 38 20.678696
21 39 20.247953
21 40 21.709734
21 41 21.953729
21 42 22.849176
21 43 22.413888
21 44 21.784553
21 45 17.204638
21 46 15.371426
21 47 11.417546
21 48 10.195589
21 49 7.502065
21 50 8.675740
21 51 10.994688
21 52 5.455588
21 53 5.902260
21 54 8.223481
21 55 12.675766
21 56 10.756997
21 57 14.110372
21 58 14.127482
21 59 5.859648
21 60 11.053488
21 61 13.576145
21 62 12.663763
21 63 8.614877
21 64 12.604151
21 65 14.889383
21 66 10.926379
21 67 12.790663
21 68 7.278885
21 69 10.612408
21 70 8.996028
22 23 1.293158
22 24 2.688369
22 25 2.528030
22 26 2.431172
22 27 4.474125
22 28 5.386257
22 29 3.915752
22 30 7.807451
22 31 9.759218
22 32 10.633204
22 33 10.181014
22 34 10.532630
22 35 10.031150
22 36 13.508943
22 37 8.207570
22 38 15.017613
22 39 14.141315
22 40 15.345742
22 41 13.847922
22 42 17.935475
22 43 15.403532
22 44 15.278624
22 45 13.869178
22 46 12.091622
22 47 8.227606
22 48 7.289101
22 49 5.515683
22 50 6.362660
22 51 8.391399
22 52 2.423972
22 53 3.176684
22 54 5.491606
22 55 9.814527
22 56 7.840276
22 57 10.998915
22 58 11.341908
22 59 2.532787
22 60 8.969312
22 61 11.284068
22 62 10.693744
22 63 6.784832
22 64 11.473799
22 65 13.793955
22 66 10.645246
22 67 12.715819
22 68 6.639280
22 69 11.344801
22 70 9.157583
23 24 1.294371
23 25 2.960026
23 26 2.700374
23 27 2.395092
23 28 3.673392
23 29 6.164341
23 30 6.457365
23 31 7.319419
23 32 9.763805
23 33 10.366684
23 34 9.889620
23 35 10.390358
23 36 11.100441
23 37 7.141694
23 38 13.008586
23 39 13.679711
23 40 15.256433
23 41 13.342318
23 42 14.256522
23 43 12.089656
23 44 11.595638
23 45 11.237906
23 46 9.752950
23 47 5.254374
23 48 5.567251
23 49 6.164627
23 50 5.106034
23 51 7.415902
23 52 3.550611
23 53 3.478517
23 54 3.426313
23 55 8.115623
23 56 8.127244
23 57 9.392534
23 58 8.463584
23 59 2.855601
23 60 6.153349
23 61 8.505792
23 62 7.042254
23 63 3.688360
23 64 8.167907
23 65 10.480456
23 66 7.177045
23 67 9.404910
23 68 3.243192
23 69 8.048410
23 70 6.558611
24 25 1.293216
24 26 2.812813
24 27 2.614505
24 28 2.643069
24 29 4.739586
24 30 6.421515
24 31 6.311458
24 32 7.054471
24 33 9.298161
24 34 10.177775
24 35 10.165325
24 36 11.904679
24 37 8.475719
24 38 15.186215
24 39 15.804164
24 40 17.251635
24 41 16.506147
24 42 20.660232
24 43 19.024206
24 44 15.899538
24 45 15.523443
24 46 14.360068
24 47 9.485260
24 48 9.369976
24 49 9.178755
24 50 7.952106
24 51 10.009883
24 52 7.014851
24 53 6.013570
24 54 6.622209
24 55 11.227445
24 56 10.472389
24 57 11.452310
24 58 11.551987
24 59 5.219660
24 60 7.514877
24 61 10.552582
24 62 9.980551
24 63 5.683150
24 64 9.594963
24 65 12.106296
24 66 8.768057
24 67 10.280905
24 68 3.799327
24 69 7.414807
24 70 4.269591
25 26 1.299835
25 27 2.852469
25 28 2.741919
25 29 2.627507
25 30 4.423088
25 31 6.225922
25 32 5.582221
25 33 6.930609
25 34 7.466415
25 35 6.906087
25 36 10.692225
25 37 6.832551
25 38 15.065635
25 39 14.501620
25 40 15.376973
25 41 15.439481
25 42 21.053633
25 43 20.407254
25 44 20.880076
25 45 15.556594
25 46 15.769274
25 47 11.408266
25 48 11.668487
25 49 9.649987
25 50 9.383647
25 51 10.781328
25 52 6.953610
25 53 6.570289
25 54 7.638356
25 55 10.536148
25 56 7.921682
25 57 11.921165
25 58 12.741517
25 59 6.120202
25 60 7.737708
25 61 11.248371
25 62 12.028510
25 63 7.499282
25 64 10.270721
25 65 14.176689
25 66 11.383759
25 67 12.465541
25 68 5.857673
25 69 9.390717
25 70 6.397567
26 27 1.282000
26 28 2.610925
26 29 2.954390
26 30 2.270221
26 31 4.487623
26 32 6.340229
26 33 5.321073
26 34 6.009966
26 35 4.707555
26 36 7.161218
26 37 2.742185
26 38 8.423974
26 39 7.506319
26 40 9.118750
26 41 9.787093
26 42 10.984957
26 43 10.296689
26 44 11.202481
26 45 8.532646
26 46 10.562131
26 47 6.572092
26 48 9.827613
26 49 8.745100
26 50 7.140315
26 51 7.052096
26 52 4.428440
26 53 3.157657
26 54 3.341574
26 55 3.349422
26 56 2.918265
26 57 4.598453
26 58 6.056415
26 59 2.983143
26 60 3.007194
26 61 5.505014
26 62 6.734582
26 63 3.726826
26 64 7.009517
26 65 9.596736
26 66 9.704908
26 67 10.992163
26 68 5.845703
26 69 9.750793
26 70 6.652637
27 28 1.307750
27 29 2.592699
27 30 2.442588
27 31 2.541158
27 32 4.174165
27 33 6.299884
27 34 5.832161
27 35 6.454116
27 36 6.921147
27 37 5.517282
27 38 10.283526
27 39 11.793706
27 40 13.831818
27 41 14.975949
27 42 14.748398
27 43 11.314390
27 44 13.703442
27 45 12.596173
27 46 13.966722
27 47 9.888856
27 48 11.584566
27 49 11.069805
27 50 10.201566
27 51 10.893591
27 52 8.131124
27 53 6.252598
27 54 6.278207
27 55 8.610090
27 56 7.337452
27 57 7.395150
27 58 8.210635
27 59 4.751471
27 60 3.152398
27 61 5.356959
27 62 6.580487
27 63 2.773642
27 64 3.163864
27 65 6.731515
27 66 6.333971
27 67 5.183595
27 68 2.748932
27 69 3.204592
27 70 2.794900
28 29 1.287581
28 30 2.406091
28 31 2.563582
28 32 2.250770
28 33 3.449520
28 34 4.781592
28 35 6.204733
28 36 8.139921
28 37 6.396141
28 38 13.733263
28 39 15.074137
28 40 15.311102
28 41 16.765614
28 42 20.513306
28 43 18.449743
28 44 20.273919
28 45 16.328725
28 46 17.468295
28 47 12.690087
28 48 14.220621
28 49 13.673353
28 50 12.664380
28 51 13.315124
28 52 10.357003
28 53 8.862737
28 54 9.208821
28 55 11.051690
28 56 9.192456
28 57 11.134571
28 58 12.101829
28 59 7.801528
28 60 5.837357
28 61 9.901738
28 62 10.916676
28 63 6.590189
28 64 7.291114
28 65 12.047659
28 66 11.168455
28 67 10.244704
28 68 3.973594
28 69 5.740894
28 70 2.693694
29 30 1.292072
29 31 2.980735
29 32 2.481436
29 33 2.501921
29 34 2.855151
29 35 2.705773
29 36 5.772663
29 37 3.008983
29 38 10.448596
29 39 9.937349
29 40 8.475515
29 41 10.084276
29 42 12.977149
29 43 14.240422
29 44 20.127805
29 45 10.988771
29 46 14.197906
29 47 11.016936
29 48 12.264555
29 49 9.212667
29 50 11.887458
29 51 10.972862
29 52 6.976412
29 53 5.094244
29 54 7.077970
29 55 6.175634
29 56 2.766157
29 57 7.018706
29 58 9.355681
29 59 4.953487
29 60 5.875513
29 61 10.499047
29 62 12.400617
29 63 8.790936
29 64 7.398911
29 65 14.109934
29 66 13.789979
29 67 13.275494
29 68 8.325181
29 69 9.631542
29 70 5.439722
30 31 1.292149
30 32 2.664367
30 33 2.397238
30 34 2.390090
30 35 2.632026
30 36 3.365025
30 37 2.486867
30 38 8.908353
30 39 9.535848
30 40 9.453426
30 41 10.753824
30 42 12.914158
30 43 11.643276
30 44 14.577134
30 45 11.219147
30 46 14.061265
30 47 10.246610
30 48 14.168296
30 49 13.225382
30 50 12.113274
30 51 11.942381
30 52 9.096053
30 53 6.996471
30 54 8.044876
30 55 6.203687
30 56 3.484757
30 57 5.772167
30 58 8.323939
30 59 6.666515
30 60 2.842869
30 61 6.544048
30 62 8.887993
30 63 6.251470
30 64 3.093355
30 65 10.692187
30 66 11.940619
30 67 11.393474
30 68 7.217212
30 69 7.999686
30 70 4.148267
31 32 1.300763
31 33 2.432728
31 34 2.175701
31 35 3.404363
31 36 3.813634
31 37 4.007393
31 38 11.058106
31 39 11.802516
31 40 12.687606
31 41 14.486147
31 42 15.744769
31 43 13.868152
31 44 16.483112
31 45 14.938673
31 46 17.235725
31 47 12.293265
31 48 16.472153
31 49 15.944250
31 50 15.130881
31 51 15.209435
31 52 12.324945
31 53 10.904537
31 54 9.946372
31 55 10.086103
31 56 7.121628
31 57 8.062746
31 58 9.726416
31 59 7.856726
31 60 3.208791
31 61 5.599415
31 62 8.461283
31 63 5.832719
31 64 2.698037
31 65 8.391445
31 66 9.744622
31 67 8.847124
31 68 5.717639
31 69 4.084916
31 70 2.891818
32 33 1.280522
32 34 2.213295
32 35 3.133293
32 36 6.451052
32 37 6.513111
32 38 10.551586
32 39 13.316351
32 40 15.391225
32 41 20.105247
32 42 15.085465
32 43 17.141514
32 44 21.723658
32 45 21.405864
32 46 21.227478
32 47 14.887614
32 48 20.915419
32 49 21.943308
32 50 17.274997
32 51 20.491320
32 52 14.894866
32 53 13.137480
32 54 13.001261
32 55 12.879346
32 56 9.220249
32 57 9.153719
32 58 11.174117
32 59 9.975212
32 60 4.123994
32 61 6.972917
32 62 10.442782
32 63 8.822704
32 64 2.362022
32 65 10.569513
32 66 12.257451
32 67 11.407329
32 68 8.903555
32 69 7.655139
32 70 2.900383
33 34 1.303252
33 35 2.146010
33 36 4.369323
33 37 3.789871
33 38 8.618532
33 39 11.519742
33 40 14.756802
33 41 16.351421
33 42 12.938066
33 43 15.120041
33 44 18.481979
33 45 16.761557
33 46 18.932192
33 47 15.110087
33 48 20.487828
33 49 21.769610
33 50 17.802675
33 51 20.478208
33 52 10.655178
33 53 9.917781
33 54 11.856010
33 55 10.360130
33 56 4.924898
33 57 8.619231
33 58 10.642017
33 59 9.036430
33 60 4.721557
33 61 5.712484
33 62 10.678951
33 63 10.256608
33 64 3.444301
33 65 10.781876
33 66 13.056016
33 67 12.927295
33 68 10.858738
33 69 10.204202
33 70 5.813544
34 35 1.303613
34 36 2.289411
34 37 2.783325
34 38 5.395732
34 39 8.518986
34 40 10.139791
34 41 12.257086
34 42 13.445913
34 43 9.943730
34 44 14.238764
34 45 13.779941
34 46 16.749954
34 47 12.892967
34 48 17.663164
34 49 19.146312
34 50 20.613101
34 51 15.304608
34 52 12.179335
34 53 9.724778
34 54 11.680579
34 55 9.597138
34 56 6.061939
34 57 6.273512
34 58 8.633510
34 59 8.720096
34 60 2.918352
34 61 7.561517
34 62 10.260755
34 63 9.259556
34 64 5.568343
34 65 11.596816
34 66 13.754131
34 67 12.661975
34 68 10.118826
34 69 8.915763
34 70 2.730159
35 36 0.000000
35 37 2.353891
35 38 5.150770
35 39 7.820944
35 40 8.284927
35 41 12.408964
35 42 10.647853
35 43 9.332452
35 44 13.958531
35 45 12.173873
35 46 13.513093
35 47 10.827238
35 48 13.406517
35 49 14.038820
35 50 13.183212
35 51 10.555247
35 52 7.721215
35 53 6.129928
35 54 7.605308
35 55 6.601924
35 56 3.063275
35 57 5.516926
35 58 7.976229
35 59 7.929871
35 60 2.763690
35 61 5.865581
35 62 9.448206
35 63 9.408699
35 64 5.363251
35 65 10.829149
35 66 13.190036
35 67 12.614249
35 68 9.687873
35 69 7.553674
35 70 4.585713
36 37 1.232608
36 38 2.926786
36 39 6.070132
36 40 4.258298
36 41 9.667399
36 42 9.326541
36 43 7.320733
36 44 11.632260
36 45 10.632862
36 46 14.334003
36 47 11.360891
36 48 15.726442
36 49 19.572488
36 50 15.157855
36 51 12.079430
36 52 9.929507
36 53 7.827508
36 54 7.600525
36 55 6.932821
36 56 4.015338
36 57 3.266045
36 58 6.201923
36 59 7.735292
36 60 3.203762
36 61 5.014052
36 62 9.100972
36 63 8.963001
36 64 6.134933
36 65 8.512285
36 66 13.480111
36 67 13.000634
36 68 9.875687
36 69 10.064175
36 70 5.893137
37 38 1.300149
37 39 2.789928
37 40 3.176127
37 41 7.411795
37 42 5.970330
37 43 5.130684
37 44 8.688070
37 45 8.644570
37 46 11.458071
37 47 9.218362
37 48 13.076303
37 49 12.766178
37 50 11.385478
37 51 10.689899
37 52 8.087616
37 53 6.998882
37 54 5.603415
37 55 4.754000
37 56 2.713028
37 57 2.915096
37 58 4.212968
37 59 5.510145
37 60 3.285037
37 61 2.982516
37 62 6.643057
37 63 7.400979
37 64 4.536312
37 65 7.572925
37 66 12.171262
37 67 11.621047
37 68 9.749006
37 69 11.160085
37 70 7.171328
38 39 1.279982
38 40 2.668471
38 41 3.707681
38 42 3.574686
38 43 2.937727
38 44 6.791324
38 45 6.017622
38 46 10.544392
38 47 8.581650
38 48 13.651122
38 49 13.426990
38 50 11.987457
38 51 9.599109
38 52 8.909113
38 53 8.077559
38 54 4.867473
38 55 3.799859
38 56 4.568102
38 57 3.012769
38 58 5.208814
38 59 7.787033
38 60 6.409751
38 61 5.113297
38 62 8.602494
38 63 10.544767
38 64 7.755056
38 65 7.024543
38 66 13.571773
38 67 15.091041
38 68 12.924674
38 69 14.131246
38 70 11.022645
39 40 1.281758
39 41 2.495813
39 42 2.533655
39 43 2.895907
39 44 3.004279
39 45 2.909103
39 46 6.823430
39 47 6.840366
39 48 10.370663
39 49 12.061431
39 50 9.583915
39 51 6.006670
39 52 8.019419
39 53 6.647414
39 54 4.458566
39 55 2.047698
39 56 3.252176
39 57 2.629568
39 58 3.044816
39 59 6.026589
39 60 7.233540
39 61 3.644083
39 62 7.725924
39 63 10.268851
39 64 8.843602
39 65 7.712593
39 66 13.208744
39 67 15.252692
39 68 13.900640
39 69 15.988524
39 70 12.371152
40 41 1.309985
40 42 2.752151
40 43 1.329463
40 44 2.519431
40 45 4.334114
40 46 7.651248
40 47 8.003777
40 48 11.046332
40 49 12.041875
40 50 8.844055
40 51 6.353477
40 52 8.122911
40 53 6.240614
40 54 2.936480
40 55 3.102799
40 56 3.259431
40 57 3.369125
40 58 5.234166
40 59 7.873284
40 60 9.077802
40 61 4.880626
40 62 10.272380
40 63 12.739772
40 64 11.599702
40 65 10.683903
40 66 15.456081
40 67 18.423289
40 68 17.045518
40 69 20.108405
40 70 16.526691
41 42 1.271907
41 43 2.479246
41 44 2.750986
41 45 2.489551
41 46 5.398534
41 47 7.250357
41 48 9.902799
41 49 11.943528
41 50 7.316324
41 51 3.964620
41 52 4.513350
41 53 3.638272
41 54 2.931856
41 55 3.134858
41 56 5.343757
41 57 5.951470
41 58 3.132894
41 59 8.034282
41 60 10.115165
41 61 6.902054
41 62 9.107926
41 63 11.764903
41 64 12.827007
41 65 10.241430
41 66 14.304348
41 67 18.591675
41 68 18.128238
41 69 20.859556
41 70 21.113692
42 43 1.264576
42 44 2.240154
42 45 1.329510
42 46 2.846889
42 47 5.635709
42 48 8.846035
42 49 11.072710
42 50 10.724225
42 51 7.106495
42 52 5.726867
42 53 5.818008
42 54 3.323811
42 55 3.347495
42 56 6.676641
42 57 3.548643
42 58 3.513270
42 59 5.314997
42 60 9.509306
42 61 4.721764
42 62 6.534184
42 63 9.334243
42 64 10.887772
42 65 8.451920
42 66 10.366476
42 67 13.414051
42 68 15.177710
42 69 20.718683
42 70 21.747710
43 44 1.275212
43 45 2.675892
43 46 5.431711
43 47 5.466129
43 48 9.943650
43 49 12.636099
43 50 11.358200
43 51 7.308237
43 52 10.153824
43 53 8.204408
43 54 3.702695
43 55 5.646952
43 56 6.978567
43 57 2.439786
43 58 2.491191
43 59 3.481546
43 60 6.467940
43 61 2.310206
43 62 4.031843
43 63 6.599670
43 64 7.539299
43 65 5.508277
43 66 7.133503
43 67 10.487990
43 68 12.017527
43 69 13.185492
43 70 15.276509
44 45 0.842389
44 46 2.804927
44 47 4.378035
44 48 7.748070
44 49 10.054740
44 50 8.685587
44 51 5.148576
44 52 7.836786
44 53 5.513559
44 54 3.095969
44 55 5.429193
44 56 8.859705
44 57 5.855873
44 58 3.277298
44 59 3.886303
44 60 8.108480
44 61 3.301521
44 62 3.078133
44 63 8.062577
44 64 9.878433
44 65 5.954360
44 66 7.924703
44 67 11.830760
44 68 13.403711
44 69 15.529957
44 70 20.497429
45 46 1.279706
45 47 2.416126
45 48 5.696297
45 49 8.998723
45 50 6.406311
45 51 3.174980
45 52 6.117462
45 53 3.007739
45 54 3.542210
45 55 2.829367
45 56 5.980544
45 57 4.402055
45 58 2.045271
45 59 2.808364
45 60 7.948083
45 61 2.641000
45 62 2.943416
45 63 8.619903
45 64 10.794123
45 65 6.177415
45 66 9.539673
45 67 13.199897
45 68 13.653049
45 69 16.891592
45 70 20.227987
46 47 1.278772
46 48 2.665354
46 49 4.743680
46 50 2.720076
46 51 2.257660
46 52 2.908343
46 53 2.838085
46 54 2.399375
46 55 4.562754
46 56 7.686764
46 57 8.609935
46 58 4.440878
46 59 4.659421
46 60 8.675514
46 61 4.846930
46 62 2.799787
46 63 9.266376
46 64 11.778744
46 65 8.114174
46 66 7.834100
46 67 12.353515
46 68 13.043914
46 69 16.727046
46 70 20.222811
47 48 1.264278
47 49 3.975108
47 50 4.498964
47 51 3.027311
47 52 2.985436
47 53 3.170920
47 54 3.206378
47 55 3.196670
47 56 4.911140
47 57 5.748314
47 58 2.948265
47 59 3.100332
47 60 5.399718
47 61 4.346642
47 62 2.814413
47 63 5.673002
47 64 8.284190
47 65 6.239528
47 66 7.506912
47 67 11.428220
47 68 9.337723
47 69 13.339126
47 70 14.533839
48 49 1.271020
48 50 2.307070
48 51 2.158154
48 52 2.496596
48 53 2.687519
48 54 2.441997
48 55 6.577230
48 56 8.898561
48 57 10.127129
48 58 7.208904
48 59 4.944975
48 60 9.340503
48 61 8.129159
48 62 3.176869
48 63 8.254338
48 64 10.650343
48 65 8.914931
48 66 8.575057
48 67 11.343474
48 68 12.032919
48 69 15.132674
48 70 20.210192
49 50 1.306700
49 51 2.783589
49 52 2.542718
49 53 3.017853
49 54 4.602509
49 55 7.163275
49 56 8.028651
49 57 10.170277
49 58 9.216415
49 59 3.293386
49 60 9.707159
49 61 11.542233
49 62 7.107482
49 63 10.539636
49 64 13.913296
49 65 11.905906
49 66 11.323789
49 67 13.731882
49 68 11.718821
49 69 18.598808
49 70 20.949182
50 51 1.281372
50 52 2.569605
50 53 2.510490
50 54 2.334473
50 55 5.872759
50 56 6.472440
50 57 9.226123
50 58 9.772069
50 59 2.816255
50 60 9.800480
50 61 12.503044
50 62 8.880585
50 63 10.996151
50 64 14.857266
50 65 14.764631
50 66 13.688819
50 67 17.687536
50 68 13.356366
50 69 18.542480
50 70 18.381740
51 52 1.276538
51 53 2.066812
51 54 2.425032
51 55 2.941394
51 56 5.429131
51 57 7.574028
51 58 5.944607
51 59 2.731766
51 60 8.448248
51 61 9.007344
51 62 7.271639
51 63 10.593201
51 64 13.570301
51 65 12.212778
51 66 11.944072
51 67 15.576027
51 68 12.743002
51 69 21.017492
51 70 20.514246
52 53 1.301790
52 54 2.516401
52 55 2.893666
52 56 3.428733
52 57 6.334814
52 58 6.077412
52 59 2.749907
52 60 6.621503
52 61 8.872946
52 62 7.402267
52 63 8.210648
52 64 11.310020
52 65 11.536579
52 66 10.703371
52 67 13.557132
52 68 8.984339
52 69 15.038741
52 70 15.666991
53 54 1.305303
53 55 2.296350
53 56 2.933994
53 57 6.077590
53 58 5.442626
53 59 2.279025
53 60 7.132017
53 61 9.331969
53 62 8.084786
53 63 9.502126
53 64 12.341228
53 65 12.686637
53 66 12.044870
53 67 15.561033
53 68 9.815910
53 69 15.360446
53 70 14.149263
54 55 1.292045
54 56 2.784686
54 57 4.854592
54 58 4.516870
54 59 3.244713
54 60 4.952750
54 61 7.152309
54 62 6.649940
54 63 3.709690
54 64 7.899112
54 65 10.048947
54 66 11.047424
54 67 12.300346
54 68 6.877583
54 69 12.652434
54 70 11.095919
55 56 1.283204
55 57 2.518187
55 58 2.665568
55 59 2.643128
55 60 4.550886
55 61 5.126867
55 62 7.121796
55 63 7.778171
55 64 9.818590
55 65 10.075017
55 66 11.247278
55 67 14.746862
55 68 10.818160
55 69 14.621959
55 70 12.508805
56 57 1.289630
56 58 2.547177
56 59 2.410872
56 60 2.586132
56 61 4.019056
56 62 6.226349
56 63 6.703566
56 64 7.466245
56 65 9.477296
56 66 10.769223
56 67 13.115148
56 68 10.100018
56 69 12.025854
56 70 9.762429
57 58 1.289785
57 59 2.927262
57 60 2.914150
57 61 2.212227
57 62 4.067554
57 63 6.058418
57 64 5.967412
57 65 6.994203
57 66 9.822543
57 67 11.601963
57 68 10.282246
57 69 10.722100
57 70 8.421624
58 59 1.292566
58 60 3.085241
58 61 2.501301
58 62 2.438090
58 63 4.409571
58 64 6.366473
58 65 5.078291
58 66 7.372654
58 67 10.298616
58 68 8.998970
58 69 10.791475
58 70 10.329653
59 60 1.296435
59 61 2.818095
59 62 2.450654
59 63 2.601574
59 64 4.677356
59 65 6.194449
59 66 5.982734
59 67 8.676255
59 68 6.297606
59 69 8.814753
59 70 9.277471
60 61 1.289151
60 62 2.796240
60 63 2.553986
60 64 2.622190
60 65 4.655786
60 66 6.303053
60 67 7.026184
60 68 5.469957
60 69 5.726888
60 70 2.521110
61 62 1.283308
61 63 2.460803
61 64 2.565769
61 65 2.358737
61 66 4.507588
61 67 6.401508
61 68 6.519220
61 69 6.527113
61 70 5.006458
62 63 1.299782
62 64 2.627534
62 65 2.411030
62 66 2.526051
62 67 4.570657
62 68 5.117993
62 69 6.779735
62 70 9.021314
63 64 1.282937
63 65 2.515132
63 66 2.604199
63 67 2.799085
63 68 2.693641
63 69 3.952829
63 70 7.152577
64 65 1.273712
64 66 2.289101
64 67 2.460255
64 68 3.148689
64 69 2.749003
64 70 2.919688
65 66 1.278601
65 67 2.642660
65 68 4.850057
65 69 4.765656
65 70 7.693520
66 67 1.272937
66 68 2.719969
66 69 5.432632
66 70 8.099412
67 68 1.298761
67 69 2.482458
67 70 5.261961
68 69 1.280339
68 70 2.670797
69 70 1.297958
